2.448259091362945
2.446314323016435
2.444438547421474
2.442634631785535
2.440904509669117
2.439248883347591
2.437668841291858
2.436166636925349
2.434745521685581
2.433410568784877
2.432166129980558
2.431017489648952
2.42997043108226
2.429022787100059
2.428181736250516
2.427475044390582
2.426898527913115
2.426445827265546
2.4261267983325
2.42593928516654
2.425884865256668
2.42596432108411
2.426215191583085
2.426599073894713
2.427104121157017
2.427771718630416
2.428597729955495
2.429584587400456
2.430739091841732
2.432041616594464
2.43352853029951
2.43519262154821
2.437047969633042
2.439081967033574
2.44130627615483
2.44371892876969
2.446319334338235
2.449113773721849
2.452101203306906
2.455283075843751
2.458660369965842
2.462234655531395
2.466009253948615
2.469989329615978
2.47417699031721
2.478573774227308
2.483183190209195
2.488006741339105
2.493044248383188
2.498296169128583
2.503766585021725
2.509456329039141
2.515342096034245
2.521466239545153
2.52781397764078
2.534403253033353
2.541239368358537
2.548372533240723
2.55587780999245
2.563843742488787
2.572313003754622
2.581170245200155
2.590100525285482
2.598696656627045
2.606757590868335
2.614530996288328
2.622555223647328
2.631166298259151
2.640245949328843
2.649607186918605
2.659436144299083
2.669982679246328
2.680937535330278
2.69170073755445
2.702271597516724
2.713139802652685
2.724293470135856
2.735318009013053
2.746475601269536
2.758419902192077
2.770856340441724
2.782927172187823
2.794746741383159
2.807040719439845
2.819728192515353
2.832325559297419
2.845014990033231
2.858124577147102
2.871460266768551
2.884871290935839
2.898575100236954
2.912704040091842
2.927154871220197
2.941715611837157
2.956203742773868
2.97079422761818
2.985830210576951
3.001118902953294
3.016186274199352
3.031172453475999
3.046561245647373
3.062303311569187
3.078036903355193
3.093777646488432
3.109743728905182
3.125891182321692
3.14206589850711
3.158281828766246
3.17463397115859
3.191254162629264
3.208305893409445
3.225697454446783
3.243105976850833
3.260516559226643
3.278176438827664
3.295990070934046
3.313695954237097
3.331430773447831
3.349418584016262
3.367521830254519
3.385556242975656
3.403527587558536
3.421435037620846
3.439324914924293
3.457400026355794
3.475784408696478
3.494455004578638
3.513421114289248
3.53263655906173
3.551879564225489
3.570957219711715
3.589814347669878
3.608409570377026
3.626788305727366
3.645197504685456
3.663831696044098
3.682623399356707
3.701495760295309
3.720545351333109
3.739780128658286
3.758987115407917
3.778035679390118
3.797046932981353
3.816153007060781
3.835289355355041
3.854276084323261
3.872998756375749
3.891505476930952
3.909950401921139
3.928459372010438
3.947112043100886
3.965984501231209
3.98505972573563
4.004181541356464
4.023231157345441
4.042216901518141
4.061111555414491
4.079809812140142
4.09832655443445
4.11683457632731
4.135444224779189
4.154102178574797
4.172703349211146
4.191150335621725
4.209349027510205
4.227298722631367
4.245143152264016
4.263042971181112
4.281059379148751
4.299180680232373
4.317375448480315
4.335605813286726
4.353812239667024
4.371892604513798
4.389758327462011
4.407409394721685
4.424876933608504
4.442170356971859
4.459354265169687
4.476517904253362
4.493655116215073
4.510781706940374
4.52804980854665
4.545497121633204
4.562915816168258
4.580177725143178
4.597362683614883
4.61446514992091
4.63138240366035
4.648205726259785
4.665122181875957
4.682091523687748
4.698938657252531
4.715639976843791
4.732281954330725
4.74884181330947
4.76517467613107
4.781241732851553
4.797284691836839
4.813605176455107
4.830164222972162
4.846681445341331
4.863111025612542
4.879599385369816
4.896039798561168
4.912191328785338
4.928134652115741
4.944108340483893
4.960078922192807
4.975897492291961
4.99162841498391
5.007394725816834
5.023146672718021
5.038788640134071
5.054337292436732
5.069857775813025
5.085371699911036
5.10087271463952
5.116386310201489
5.131957392138473
5.147548495369097
5.163060661607177
5.178513265474535
5.193997390854315
5.209405993044776
5.224517541484532
5.239361659768396
5.254145668125297
5.268874636614738
5.283433213745355
5.297943483440415
5.312647751781428
5.327514247444136
5.342283516243453
5.356837018606875
5.371244906459755
5.385505652013007
5.399520999923419
5.413335023977785
5.427149694643667
5.441078745564226
5.455077579293791
5.469096768568595
5.48311382864034
5.497022332846766
5.510665085717176
5.524010907298506
5.537171202781797
5.550208487019143
5.563100838779262
5.575935783010602
5.588875754016645
5.601872685044002
5.614717002401553
5.627373738409913
5.639945493606993
5.652372564046858
5.664506677830239
5.676419736082225
5.688365158880297
5.700448533845755
5.712538923130118
5.724517114703741
5.736401579013707
5.748172411103265
5.759694540129828
5.770917072576443
5.781966147115818
5.792964191084074
5.803906295343096
5.814751803692406
5.825505209922532
5.836167742840574
5.846705752190477
5.857098586688282
5.86734320869069
5.877421587149207
5.887365596196303
5.897301328821881
5.907293905538184
5.917242485034029
5.927048682318853
5.936732305960246
5.946289960499027
5.955623330517631
5.964677788820038
5.973521332120671
5.982252658710402
5.99089980411387
5.999449091117372
6.007950122241608
6.016481629587735
6.024990314551429
6.033317824870036
6.041405861221584
6.049324816383003
6.05713665309034
6.064865221424817
6.072538334179575
6.080155585059158
6.087655187511928
6.094977611628535
6.102045222568132
6.108865398547175
6.115449746085732
6.121907694799769
6.12841831570272
6.135055787315125
6.141712681845156
6.148269342789352
6.154701532270145
6.160960716268457
6.166938358067021
6.172609456048774
6.17810426884861
6.183579574414539
6.189063065986809
6.194503097144278
6.199896274714853
6.205250231226334
6.210505754241846
6.215612664556785
6.220590848999208
6.22545453675674
6.230161177853325
6.234664228535134
6.238974122345539
6.24314788685737
6.247241655207132
6.251311061212008
6.255401753168699
6.2594677130425
6.263397081213354
6.26716532167308
6.270816221814776
6.274306689650849
6.277566110687899
6.280675020490857
6.283788455259316
6.286903164283663
6.289863589388076
6.292580178122326
6.295088540933926
6.29741640995791
6.299562895382357
6.301609770657279
6.303715023152846
6.305953719605017
6.308224867917318
6.310367336582609
6.312312215434166
6.314022995299679
6.315402240377099
6.316457034029993
6.317322439869287
6.318126613644787
6.318824523158194
6.319427074769008
6.320000535277796
6.320535965436628
6.320956382657076
6.321258711085898
6.321467705498791
6.321555000155294
6.32144351560834
6.321156682066206
6.320720882469801
6.320163822104972
6.31940960861437
6.318432466442181
6.317275020390713
6.315991975132569
6.314524824435771
6.31282424324895
6.310934539406655
6.308971403428458
6.306923445630773
6.304809267140301
6.302679341977202
6.300481310878149
6.298073329286284
6.295372685477339
6.292367408971963
6.289071188139313
6.285551453322618
6.281898084853466
6.278153141823394
6.274325977554446
6.270412128770645
6.26635981080217
6.262109124280192
6.257666424086917
6.2530447444698
6.248223845367682
6.243227446737786
6.238095210855397
6.232794546549279
6.227299441532516
6.221642646431866
6.215807001287679
6.209747907057777
6.203505856284789
6.197130984097063
6.190596354602055
6.183880244109048
6.177005753147453
6.169986375776211
6.162842159875408
6.155617249897407
6.148310885295746
6.140857022799613
6.133198293141866
6.125332084497422
6.117189419802719
6.108765528208511
6.100106546621861
6.091321125132205
6.08247451174844
6.073603703324337
6.064721387396665
6.055798561591625
6.046785392276774
6.037624929245299
6.028278455063108
6.01874687586182
6.009047180520628
5.999186337404279
5.989178283825173
5.979044300605336
5.96877814486075
5.958356630100386
5.947776251445418
5.937063576012306
5.926256105982569
5.915375128337427
5.904425921381592
5.893426158911915
5.882396868963794
5.87131910973988
5.86015321778617
5.848890248498108
5.837520196306977
5.825984903332492
5.814245833668674
5.802349882625539
5.790352955591715
5.778253720190961
5.766061077133919
5.753838413696744
5.741636105325282
5.729445138601468
5.717232034935479
5.704973987678809
5.692652440837693
5.680240128318124
5.667722376323707
5.655120537983058
5.642454320660675
5.62970300284348
5.616852825157915
5.60393967826446
5.590989466678579
5.57796898018599
5.564855539990909
5.551705586457095
5.538588198689652
5.525494775888829
5.512392693504603
5.499312212711269
5.486276019059623
5.473215402519264
5.460068219166305
5.446865412222711
5.433632805291717
5.420329180774941
5.406941601404168
5.39352225936502
5.380102592835654
5.366662372604564
5.353190956848714
5.339728940555711
5.326337885943438
5.31303321700904
5.299774603212363
5.286539994237573
5.273344509846575
5.260158681977721
5.246910032236253
5.233596512793634
5.220281149306935
5.206965982271101
5.193608187927643
5.180247961252816
5.166969859038623
5.153765088344448
5.140572796575735
5.127407519026076
5.114324956227163
5.101322276920228
5.088357515587473
5.075412564311134
5.062492836819128
5.049595392263623
5.036691049150387
5.023754566628821
5.010820326537464
4.997950069861441
4.985146943011888
4.972389285328562
4.959710681679607
4.94713879488836
4.934625627767252
4.922134312967729
4.909702708706912
4.897360256517429
4.885080831404937
4.872841277212062
4.860640188589814
4.848462928290632
4.836289219177617
4.824120598202552
4.811975597859526
4.799883031007392
4.787884244596123
4.776017002051625
4.764295858813353
4.752709622303274
4.74122215024007
4.72978348311987
4.718361541536906
4.706953124388163
4.695559573663385
4.684182175260617
4.672842555624299
4.661570987362706
4.650378604023285
4.63926869522335
4.628254159979538
4.617340190649309
4.606516923342527
4.595778919879725
4.585120863213596
4.574520239448084
4.563957661727693
4.553440422449399
4.542982025021471
4.532580627019313
4.522233122606346
4.511947379610071
4.50172969500052
4.491573405869976
4.481467302282684
4.471414564783751
4.461435424497047
4.45154237909695
4.441726883790698
4.431984448629715
4.422326966586631
4.412747142022643
4.403200420465706
4.393650914805846
4.384110426319866
4.374611027358458
4.365169175304406
4.355795231519402
4.346504758562251
4.337301175390373
4.328171404591742
4.319104670256764
4.310095099980247
4.301130983200634
4.292200846699076
4.283304527811241
4.274447624769376
4.26563093174568
4.256850571765884
4.248106826343707
4.239410142699078
4.230773018932779
4.222197453994652
4.213681059842067
4.205230527156517
4.196851493366534
4.188531662847866
4.180253069569507
4.172011762197543
4.163810081275625
4.155644670339855
4.147514058601648
4.139421400509234
4.131364323013082
4.12333729398096
4.115341631050122
4.107380772317418
4.099454141931663
4.091565656300292
4.083728652695701
4.075955247159414
4.068246749855827
4.060596174277137
4.05299605228991
4.045442682848723
4.037930958801105
4.030446628708821
4.02297468058717
4.015516997484119
4.008087541785279
4.00069093578857
3.993324283902565
3.985997067530302
3.978727515500607
3.971520545972159
3.964366726170797
3.957260499753944
3.950205368410282
3.943202627921276
3.93624606366626
3.929330076420908
3.922456135569684
3.91562633668274
3.908835421049914
3.902076580433893
3.895351730464615
3.888667598905057
3.882024945344076
3.87542049176775
3.868855984589109
3.862337230947471
3.855868093876379
3.849452212678612
3.843096799038486
3.836809541990416
3.830593097221815
3.824442318192988
3.818324423056252
3.812264678296787
3.806234212813352
3.800234683752366
3.794250133247048
3.788287277883386
3.782360824173261
3.776488732343104
3.770682018127563
3.764935619501356
3.759246810688655
3.75361242614607
3.74802709716807
3.74248517568896
3.736981014510219
3.731515204800609
3.726090517460271
3.720706604383025
3.715359560885423
3.710052071623171
3.704790505832685
3.699572143064617
3.69438840408212
3.689237219328643
3.684121703677112
3.679036790663036
3.67397330304827
3.668933707282362
3.663932158908269
3.658980198413522
3.654079895068967
3.649229669441652
3.644427420280323
3.63966499072639
3.63492441426789
3.630186214142387
3.62544368679582
3.620705100922725
3.615982397847523
3.611284605569333
3.606620930748274
3.601999444170776
3.597418611579889
3.592867129773365
3.58833421129421
3.583816009386945
3.579312932055515
3.574825279917175
3.570352829259831
3.56589628479812
3.561456516614455
3.557030311232885
3.5526084777947
3.548181918196569
3.543748959196348
3.539314974179978
3.534888199343303
3.530478143241478
3.526093259822813
3.521736400612537
3.517405168551763
3.513097233497108
3.508811627860017
3.504545142852127
3.500290005995648
3.496034513491204
3.491766131926763
3.487477153809007
3.483167665979635
3.478841955274664
3.474506047422906
3.470171127404627
3.465853166879463
3.461564422006906
3.457308353460327
3.453083231631661
3.448884452612978
3.444702360488002
3.440524325940809
3.436341404058165
3.43215075658366
3.4279522016159
3.423744191929181
3.419522990832307
3.415286451932483
3.411038676603777
3.406788207176715
3.402542609532075
3.398309054132108
3.394097147741614
3.389914271505885
3.385759257549291
3.381624771543556
3.37750322249018
3.373387695427029
3.369271151496064
3.365147569812559
3.361012328795011
3.356862286292029
3.35269766190384
3.348522224247489
3.344340948430465
3.340160468637703
3.335990459688015
3.331839722727098
3.327711963358744
3.323607263826085
3.319523138128088
3.315452822989529
3.311387682068255
3.307321358596974
3.303249190762759
3.29916818593608
3.29507977486218
3.290987409089059
3.286891890218707
3.282793768585467
3.278696835437451
3.274604995404985
3.270520126278472
3.266445107221963
3.262383455886352
3.25833469165674
3.254294674014462
3.250260269808588
3.246229080712499
3.242195664786609
3.238153678608536
3.234102036224174
3.230044927155788
3.225986193228632
3.221926818885042
3.217867001893862
3.213808161174402
3.209752697274319
3.205701792175077
3.201653692175994
3.197605682952451
3.193557582386263
3.189511590671968
3.185469363847618
3.181431341821468
3.177398596049843
3.173372320193693
3.169349812294163
3.165323590137818
3.161287343372388
3.157240825182356
3.153187176480095
3.149129317612954
3.145071719098624
3.141022023727351
3.136987231370509
3.132969251392603
3.128965468494137
3.124971812244864
3.120983801034809
3.116997259407345
3.113010884922192
3.109026524091409
3.105045975215965
3.101070430834092
3.097102310525198
3.093143364683532
3.089192542244142
3.085248910760308
3.081313301841764
3.077385754938907
3.073466583011779
3.069559873928742
3.065670401664576
3.061798701626559
3.057943948312464
3.054108384906249
3.050294266565678
3.046499067935521
3.042716573783498
3.038940754468497
3.035167685557469
3.031395694373933
3.027625383464646
3.023860964164586
3.020111185338125
3.016385210676061
3.012686423155525
3.009013405011518
3.005365523983864
3.001741902125342
2.998136563679846
2.9945414129069
2.990953707867465
2.987376118196864
2.983811219079462
2.980260060130146
2.976723916078585
2.973203329124397
2.969696658969203
2.966201858815301
2.96271816680255
2.95924545222692
2.955784264608704
2.952336480226506
2.948903987181992
2.945487729597058
2.942088660888382
2.938706983431995
2.935340102479134
2.931983886850418
2.928635417585393
2.92529275315107
2.921953708209621
2.918616433857096
2.915280208665775
2.911945771613477
2.908615645568789
2.905292912330221
2.901979097260508
2.898674230012776
2.895377799214939
2.892087543113587
2.888798639650625
2.885506430158767
2.88220914802887
2.878907082237466
2.875601309377843
2.872294631302585
2.868991218987472
2.865693134763138
2.86239826572899
2.859102368311212
2.855801758032456
2.852493951735835
2.849177649909914
2.845853076506553
2.842522024167158
2.839187280622685
2.835851184926526
2.832513717557352
2.829172188995281
2.825823056783251
2.8224634663351
2.819091764329141
2.815708607936523
2.812317719706713
2.808923953475775
2.805530459213966
2.802138314921567
2.798747775653625
2.795358512978903
2.791969151063704
2.788577510064656
2.785181317443309
2.781778834571043
2.778369430168274
2.774953789446976
2.771533517648399
2.768110690660568
2.764687841166571
2.761268106229646
2.757854943925962
2.754451263790549
2.751058709159743
2.747677890300101
2.744309043681425
2.740952132403135
2.737606777955046
2.734272740084264
2.730950149875282
2.72763870373749
2.724337032221787
2.721043715505802
2.71775906615763
2.714485564881968
2.711226775744728
2.707986668372192
2.704770100557237
2.701582699170191
2.698428997123201
2.695310558946566
2.69222604851685
2.689172638657006
2.68614719261678
2.683146966882165
2.680170230575935
2.67721661093935
2.67428690021502
2.671382673454113
2.668506173091149
2.665660274196972
2.662848054031821
2.660072192197703
2.657334882771602
2.654638118443674
2.651983610174997
2.649372326708436
2.646804147125751
2.644277728931831
2.641790602916259
2.639339566070838
2.636921150101458
2.634532257982486
2.632171069060407
2.629837254295242
2.627531662236649
2.62525687709673
2.623017302717436
2.620817126622529
2.618658414700322
2.616541436585485
2.614465470306163
2.612428481403134
2.610426594340708
2.608454484436479
2.60650796940272
2.604583640491332
2.602678061939928
2.600787873363686
2.598912687875063
2.597055573179654
2.595217325273009
2.593396399067192
2.591592958003256
2.589809182787433
2.588044378363095
2.586294192888214
2.58455621363171
2.582829635508564
2.581111703041012
2.579399271137333
2.577691192109394
2.575986573728978
2.574281470878784
2.572570451402141
2.570849154167985
2.569114194571094
2.567363852443188
2.565598341620127
2.56381965512802
2.562030437194454
2.560232873066806
2.558428455159739
2.556616882756932
2.554795404104846
2.552959104970034
2.551103293434195
2.549225576900628
2.547324040556311
2.545396022474245
2.543440000905371
2.5414568783504
2.539447564515863
2.537410699538882
2.535345278957605
2.533252664890402
2.531134350136709
2.528990197088173
2.526820361636893
2.524627573206834
2.522415360635927
2.520185537796837
2.517938440098345
2.515674327428092
2.513393634317609
2.511095505874279
2.508777185836439
2.506435951275271
2.504070944108013
2.501683039157788
2.499274026921053
2.496847474906549
2.494409189855908
2.491965495141839
2.489522236400752
2.4870836655709
2.484652425294848
2.482230667986757
2.479819545001558
2.477419537178124
2.47503045219756
2.472653841693196
2.470293183533879
2.467951513647234
2.465631191858482
2.463334418778518
2.46106464722451
2.458825801316524
2.456621410361969
2.454456065567065
2.452335802231052
2.450267704270244
