0.49713
0.7497
1.0023
1.255
1.5078
1.7607
2.0135
2.2665
2.5195
2.7726
3.0257
3.2789
3.5321
3.7854
4.0387
4.292
4.5454
4.7989
5.0523
5.3059
5.5594
5.813
6.0666
6.3203
6.5739
6.8276
7.0814
7.3351
7.5889
7.8427
8.0965
8.3503
8.6041
8.8579
9.1118
9.3656
9.6195
9.8734
10.127
10.381
10.635
10.889
11.143
11.397
11.65
11.904
12.158
12.412
12.666
12.919
13.173
13.427
13.681
13.934
14.188
14.442
14.695
14.949
15.202
15.456
15.709
15.963
16.216
16.469
16.722
16.976
17.229
17.482
17.735
17.988
18.241
18.494
18.747
19
19.252
19.505
19.758
20.01
20.263
20.515
20.767
21.019
21.272
21.524
21.776
22.027
22.279
22.531
22.783
23.034
23.286
23.537
23.788
24.039
24.29
24.541
24.792
25.043
25.294
25.544
25.794
26.045
26.295
26.545
26.795
27.045
27.294
27.544
27.793
28.043
28.292
28.541
28.79
29.039
29.287
29.536
29.784
30.032
30.281
30.528
30.776
31.024
31.271
31.519
31.766
32.013
32.26
32.506
32.753
32.999
33.246
33.492
33.737
33.983
34.229
34.474
34.719
34.964
35.209
35.453
35.698
35.942
36.186
36.43
36.674
36.917
37.16
37.404
37.646
37.889
38.132
38.374
38.616
38.858
39.099
39.341
39.582
39.823
40.064
40.304
40.545
40.785
41.025
41.264
41.504
41.743
41.982
42.221
42.459
42.698
42.936
43.173
43.411
43.648
43.885
44.122
44.359
44.595
44.831
45.067
45.302
45.537
45.772
46.007
46.242
46.476
46.71
46.943
47.177
47.41
47.643
47.875
48.107
48.339
48.571
48.803
49.034
49.265
49.495
49.725
49.955
50.185
50.414
50.643
50.872
51.101
51.329
51.557
51.784
52.011
52.238
52.465
52.691
52.917
53.143
53.368
53.593
53.818
54.042
54.266
54.49
54.713
54.936
55.159
55.381
55.603
55.825
56.046
56.267
56.488
56.708
56.928
57.148
57.367
57.586
57.805
58.024
58.242
58.46
58.677
58.895
59.112
59.329
59.545
59.761
59.977
60.193
60.408
60.623
60.838
61.053
61.267
61.481
61.695
61.908
62.121
62.334
62.547
62.759
62.972
63.184
63.395
63.607
63.818
64.029
64.24
64.45
64.661
64.871
65.081
65.29
65.5
65.709
65.918
66.127
66.335
66.544
66.752
66.96
67.168
67.375
67.583
67.79
67.997
68.204
68.41
68.617
68.823
69.029
69.235
69.441
69.646
69.852
70.057
70.262
70.467
70.672
70.876
71.081
71.285
71.489
71.693
71.897
72.101
72.305
72.508
72.711
72.915
73.118
73.321
73.523
73.726
73.929
74.131
74.333
74.536
74.738
74.94
75.142
75.343
75.545
75.747
75.948
76.15
76.351
76.552
76.754
76.955
77.156
77.357
77.557
77.758
77.959
78.159
78.36
78.561
78.761
78.962
79.162
79.363
79.563
79.764
79.964
80.165
80.366
80.566
80.767
80.968
81.169
81.371
81.572
81.774
81.975
82.177
82.379
82.582
82.784
82.987
83.19
83.393
83.597
83.8
84.005
84.209
84.414
84.619
84.824
85.03
85.236
85.443
85.65
85.857
86.065
86.273
86.482
86.691
86.9
87.11
87.321
87.532
87.743
87.956
88.168
88.381
88.595
88.81
89.025
89.24
89.456
89.673
89.891
90.109
90.328
90.547
90.767
90.988
91.21
91.432
91.655
91.879
92.104
92.329
92.555
92.783
93.01
93.239
93.469
93.699
93.93
94.163
94.396
94.63
94.864
95.1
95.337
95.575
95.814
96.053
96.294
96.536
96.778
97.022
97.267
97.513
97.76
98.008
98.257
98.507
98.759
99.011
99.265
99.52
99.776
100.03
100.29
100.55
100.81
101.07
101.34
101.6
101.87
102.14
102.4
102.67
102.94
103.22
103.49
103.77
104.04
104.32
104.6
104.88
105.16
105.44
105.72
106.01
106.29
106.58
106.87
107.16
107.45
107.74
108.03
108.32
108.61
108.91
109.2
109.5
109.8
110.09
110.39
110.69
110.99
111.29
111.59
111.9
112.2
112.5
112.81
113.11
113.42
113.72
114.03
114.34
114.64
114.95
115.26
115.57
115.88
116.19
116.5
116.81
117.12
117.43
117.75
118.06
118.37
118.68
119
119.31
119.62
119.94
120.25
120.57
120.88
121.19
121.51
121.82
122.14
122.45
122.77
123.08
123.4
123.71
124.02
124.34
124.65
124.97
125.28
125.6
125.91
126.22
126.54
126.85
127.16
127.47
127.79
128.1
128.41
128.72
129.03
129.34
129.65
129.96
130.27
130.58
130.89
131.2
131.5
131.81
132.12
132.42
132.73
133.03
133.33
133.64
133.94
134.24
134.54
134.84
135.14
135.44
135.74
136.03
136.33
136.62
136.92
137.21
137.5
137.8
138.09
138.38
138.67
138.96
139.24
139.53
139.82
140.1
140.39
140.67
140.96
141.24
141.52
141.81
142.09
142.37
142.65
142.93
143.21
143.49
143.77
144.04
144.32
144.6
144.87
145.15
145.43
145.7
145.98
146.25
146.53
146.8
147.07
147.35
147.62
147.89
148.16
148.44
148.71
148.98
149.25
149.52
149.79
150.06
150.33
150.6
150.87
151.14
151.41
151.68
151.95
152.22
152.49
152.76
153.03
153.3
153.57
153.84
154.11
154.38
154.65
154.92
155.19
155.46
155.73
156
156.27
156.54
156.82
157.09
157.36
157.63
157.9
158.17
158.45
158.72
158.99
159.26
159.54
159.81
160.08
160.36
160.63
160.91
161.18
161.46
161.74
162.01
162.29
162.57
162.85
163.13
163.41
163.69
163.97
164.25
164.53
164.81
165.09
165.38
165.66
165.94
166.23
166.52
166.8
167.09
167.38
167.67
167.96
168.24
168.54
168.83
169.12
169.41
169.7
170
170.29
170.58
170.88
171.17
171.47
171.77
172.06
172.36
172.66
172.95
173.25
173.55
173.85
174.15
174.45
174.75
175.05
175.35
175.65
175.95
176.25
176.55
176.85
177.15
177.45
177.75
178.05
178.36
178.66
178.96
179.26
179.56
179.86
180.16
180.46
180.77
181.07
181.37
181.67
181.97
182.27
182.57
182.87
183.17
183.47
183.77
184.07
184.37
184.66
184.96
185.26
185.56
185.85
186.15
186.45
186.74
187.04
187.33
187.63
187.92
188.22
188.51
188.8
189.09
189.38
189.67
189.96
190.25
190.54
190.83
191.12
191.4
191.69
191.98
192.26
192.54
192.83
193.11
193.39
193.67
193.95
194.23
194.51
194.79
195.06
195.34
195.61
195.88
196.16
196.43
196.7
196.97
197.24
197.5
197.77
198.03
198.3
198.56
198.82
199.08
199.34
199.6
199.86
200.11
200.37
200.62
200.87
201.12
201.37
201.62
201.87
202.12
202.36
202.61
202.85
203.1
203.34
203.58
203.82
204.06
204.3
204.53
204.77
205.01
205.24
205.47
205.71
205.94
206.17
206.4
206.63
206.86
207.09
207.31
207.54
207.77
207.99
208.22
208.44
208.66
208.89
209.11
209.33
209.55
209.77
209.99
210.21
210.43
210.64
210.86
211.08
211.29
211.51
211.72
211.94
212.15
212.37
212.58
212.79
213
213.22
213.43
213.64
213.85
214.06
214.27
214.48
214.69
214.9
215.11
215.32
215.53
215.73
215.94
216.15
216.36
216.56
216.77
216.98
217.19
217.39
217.6
217.81
218.01
218.22
218.42
218.63
218.84
219.04
219.25
219.46
219.66
219.87
220.07
220.28
220.49
220.69
220.9
221.11
221.31
221.52
221.73
221.93
222.14
222.35
222.56
222.76
222.97
223.18
223.39
223.6
223.81
224.02
224.23
224.43
224.64
224.86
225.07
225.28
225.49
225.7
225.91
226.12
226.33
226.54
226.76
226.97
227.18
227.39
227.61
227.82
228.03
228.24
228.46
228.67
228.88
229.1
229.31
229.52
229.74
229.95
230.16
230.38
230.59
230.8
231.02
231.23
231.44
231.66
231.87
232.09
232.3
232.51
232.73
232.94
233.15
233.37
233.58
233.79
234
234.22
234.43
234.64
234.85
235.07
235.28
235.49
235.7
235.91
236.13
236.34
236.55
236.76
236.97
237.18
237.39
237.6
237.81
238.02
238.23
238.44
238.65
238.86
239.07
239.27
239.48
239.69
239.9
240.1
240.31
240.52
240.72
240.93
241.13
241.34
241.54
241.75
241.95
242.16
242.36
242.56
242.76
242.96
243.17
243.37
243.57
243.77
243.97
244.17
244.37
244.56
244.76
244.96
245.16
245.35
245.55
245.74
245.94
246.13
246.33
246.52
246.71
246.9
247.09
247.29
247.48
247.67
247.85
248.04
248.23
248.42
248.61
248.79
248.98
249.16
249.35
249.53
249.72
249.9
250.08
250.27
250.45
250.63
250.81
250.99
251.17
251.35
251.53
251.71
251.89
252.06
252.24
252.42
252.59
252.77
252.94
253.12
253.29
253.47
253.64
253.81
253.99
254.16
254.33
254.5
254.67
254.84
255.01
255.18
255.35
255.52
255.69
255.85
256.02
256.19
256.35
256.52
256.69
256.85
257.02
257.18
257.34
257.51
257.67
257.83
258
258.16
258.32
258.48
258.64
258.8
258.96
259.12
259.28
259.44
259.6
259.76
259.92
260.08
260.23
260.39
260.55
260.7
260.86
261.02
261.17
261.33
261.48
261.64
261.79
261.95
262.1
262.25
262.41
262.56
262.71
262.86
263.01
263.17
263.32
263.47
263.62
263.77
263.92
264.07
264.22
264.37
264.52
264.67
264.82
264.96
265.11
265.26
265.41
265.55
265.7
265.85
266
266.14
266.29
266.43
266.58
266.72
266.87
267.01
267.16
267.3
267.45
267.59
267.73
267.88
268.02
268.16
268.3
268.45
268.59
268.73
268.87
269.01
269.15
269.29
269.43
269.57
269.71
269.85
269.99
270.12
270.26
270.4
270.54
270.67
270.81
270.95
271.08
271.22
271.35
271.49
271.62
271.75
271.89
272.02
272.15
272.29
272.42
272.55
272.68
272.81
272.95
273.08
273.21
273.34
273.46
273.59
273.72
273.85
273.98
274.11
274.23
274.36
274.49
274.61
274.74
274.86
274.99
275.11
275.23
275.36
275.48
275.6
275.73
275.85
275.97
276.09
276.21
276.33
276.45
276.57
276.69
276.81
276.92
277.04
277.16
277.27
277.39
277.51
277.62
277.74
277.85
277.96
278.08
278.19
278.3
278.41
278.53
278.64
278.75
278.86
278.97
279.08
279.19
279.29
279.4
279.51
279.61
279.72
279.83
279.93
280.04
280.14
280.24
280.35
280.45
280.55
280.66
280.76
280.86
280.96
281.06
281.16
281.26
281.36
281.46
281.55
281.65
281.75
281.85
281.94
282.04
282.13
282.23
282.32
282.42
282.51
282.61
282.7
282.79
282.89
282.98
283.07
283.16
283.25
283.35
283.44
283.53
283.62
283.71
283.8
283.88
283.97
284.06
284.15
284.24
284.33
284.41
284.5
284.59
284.67
284.76
284.85
284.93
285.02
285.1
285.19
285.27
285.36
285.44
285.53
285.61
285.69
285.78
285.86
285.94
286.03
286.11
286.19
286.27
286.35
286.44
286.52
286.6
286.68
286.76
286.84
286.92
287
287.08
287.16
287.24
287.32
287.4
287.48
287.56
287.64
287.72
287.8
287.88
287.96
288.04
288.12
288.2
288.28
288.35
288.43
288.51
288.59
288.67
288.75
288.82
288.9
288.98
289.06
289.14
289.21
289.29
289.37
289.45
289.52
289.6
289.68
289.76
289.84
289.91
289.99
290.07
290.14
290.22
290.3
290.38
290.45
290.53
290.61
290.68
290.76
290.84
290.91
290.99
291.07
291.14
291.22
291.3
291.37
291.45
291.52
291.6
291.67
291.75
291.83
291.9
291.98
292.05
292.13
292.2
292.28
292.35
292.42
292.5
292.57
292.65
292.72
292.79
292.87
292.94
293.01
293.09
293.16
293.23
293.31
293.38
293.45
293.52
293.6
293.67
293.74
293.81
293.88
293.95
294.02
294.1
294.17
294.24
294.31
294.38
294.45
294.52
294.59
294.65
294.72
294.79
294.86
294.93
295
295.07
295.13
295.2
295.27
295.34
295.4
295.47
295.54
295.6
295.67
295.73
295.8
295.86
295.93
295.99
296.06
296.12
296.19
296.25
296.31
296.38
296.44
296.5
296.57
296.63
296.69
296.75
296.81
296.87
296.94
297
297.06
297.12
297.18
297.23
297.29
297.35
297.41
297.47
297.53
297.59
297.64
297.7
297.76
297.81
297.87
297.93
297.98
298.04
298.09
298.15
298.2
298.26
298.31
298.37
298.42
298.47
298.53
298.58
298.63
298.68
298.74
298.79
298.84
298.89
298.94
299
299.05
299.1
299.15
299.2
299.25
299.3
299.35
299.4
299.45
299.5
299.55
299.6
299.65
299.69
299.74
299.79
299.84
299.89
299.93
299.98
300.03
300.08
300.12
300.17
300.22
300.26
300.31
300.36
300.4
300.45
300.5
300.54
300.59
300.63
300.68
300.72
300.77
300.81
300.86
300.9
300.95
300.99
301.04
301.08
301.13
301.17
301.21
301.26
301.3
301.35
301.39
301.43
301.48
301.52
301.56
301.61
301.65
301.69
301.73
301.78
301.82
301.86
301.91
301.95
301.99
302.03
302.08
302.12
302.16
302.2
302.25
302.29
302.33
302.37
302.41
302.46
302.5
302.54
302.58
302.62
302.67
302.71
302.75
302.79
302.83
302.87
302.92
302.96
303
303.04
303.08
303.12
303.16
303.21
303.25
303.29
303.33
303.37
303.41
303.45
303.49
303.53
303.57
303.61
303.65
303.69
303.73
303.77
303.81
303.85
303.89
303.93
303.97
304.01
304.05
304.09
304.13
304.17
304.21
304.24
304.28
304.32
304.36
304.4
304.43
304.47
304.51
304.55
304.58
304.62
304.66
304.69
304.73
304.77
304.8
304.84
304.88
304.91
304.95
304.98
305.02
305.05
305.09
305.12
305.16
305.19
305.22
305.26
305.29
305.33
305.36
305.39
305.42
305.46
305.49
305.52
305.55
305.58
305.62
305.65
305.68
305.71
305.74
305.77
305.8
305.83
305.86
305.89
305.92
305.95
305.97
306
306.03
306.06
306.08
306.11
306.14
306.17
306.19
306.22
306.24
306.27
306.29
306.32
306.34
306.37
306.39
306.42
306.44
306.46
306.48
306.51
306.53
306.55
306.57
306.59
306.61
306.64
306.66
306.68
306.7
306.72
306.73
306.75
306.77
306.79
306.81
306.83
306.84
306.86
306.88
306.9
306.91
306.93
306.94
306.96
306.97
306.99
307
307.02
307.03
307.05
307.06
307.07
307.09
307.1
307.11
307.13
307.14
307.15
307.16
307.17
307.18
307.2
307.21
307.22
307.23
307.24
307.25
307.26
307.26
307.27
307.28
307.29
307.3
307.31
307.31
307.32
307.33
307.34
307.34
307.35
307.35
307.36
307.37
307.37
307.38
307.38
307.39
307.39
307.4
307.4
307.4
307.41
307.41
307.41
307.42
307.42
307.42
307.43
307.43
307.43
307.43
307.43
307.43
307.43
307.44
307.44
307.44
307.44
307.44
307.44
307.44
307.44
307.44
307.43
307.43
307.43
307.43
307.43
307.43
307.42
307.42
307.42
307.42
307.41
307.41
307.41
307.4
307.4
307.4
307.39
307.39
307.38
307.38
307.37
307.37
307.36
307.36
307.35
307.35
307.34
307.33
307.33
307.32
307.31
307.31
307.3
307.29
307.29
307.28
307.27
307.26
307.25
307.24
307.24
307.23
307.22
307.21
307.2
307.19
307.18
307.17
307.16
307.15
307.14
307.13
307.11
307.1
307.09
307.08
307.07
307.06
307.04
307.03
307.02
307
306.99
306.98
306.96
306.95
306.94
306.92
306.91
306.89
306.88
306.86
306.85
306.83
306.81
306.8
306.78
306.77
306.75
306.73
306.71
306.7
306.68
306.66
306.64
306.63
306.61
306.59
306.57
306.55
306.53
306.51
306.49
306.47
306.45
306.43
306.41
306.39
306.37
306.35
306.33
306.3
306.28
306.26
306.24
306.21
306.19
306.17
306.14
306.12
306.1
306.07
306.05
306.02
306
305.97
305.95
305.92
305.9
305.87
305.84
305.82
305.79
305.76
305.74
305.71
305.68
305.65
305.63
305.6
305.57
305.54
305.51
305.48
305.45
305.42
305.39
305.36
305.33
305.3
305.27
305.24
305.21
305.17
305.14
305.11
305.08
305.05
305.01
304.98
304.95
304.91
304.88
304.84
304.81
304.77
304.74
304.7
304.67
304.63
304.6
304.56
304.52
304.49
304.45
304.41
304.38
304.34
304.3
304.26
304.22
304.19
304.15
304.11
304.07
304.03
303.99
303.95
303.91
303.87
303.83
303.78
303.74
303.7
303.66
303.62
303.57
303.53
303.49
303.44
303.4
303.36
303.31
303.27
303.22
303.18
303.13
303.09
303.04
303
302.95
302.9
302.86
302.81
302.76
302.72
302.67
302.62
302.57
302.52
302.48
302.43
302.38
302.33
302.28
302.23
302.18
302.13
302.08
302.02
301.97
301.92
301.87
301.82
301.76
301.71
301.66
301.6
301.55
301.5
301.44
301.39
301.33
301.28
301.22
301.17
301.11
301.06
301
300.94
300.89
300.83
300.77
300.71
300.66
300.6
300.54
300.48
300.42
300.36
300.3
300.25
300.19
300.13
300.07
300.01
299.94
299.88
299.82
299.76
299.7
299.64
299.58
299.51
299.45
299.39
299.33
299.26
299.2
299.14
299.07
299.01
298.95
298.88
298.82
298.75
298.69
298.63
298.56
298.5
298.43
298.37
298.3
298.24
298.17
298.1
298.04
297.97
297.91
297.84
297.77
297.71
297.64
297.57
297.51
297.44
297.37
297.3
297.24
297.17
297.1
297.03
296.97
296.9
296.83
296.76
296.69
296.63
296.56
296.49
296.42
296.35
296.28
296.21
296.14
296.08
296.01
295.94
295.87
295.8
295.73
295.66
295.59
295.52
295.45
295.38
295.31
295.24
295.18
295.11
295.04
294.97
294.9
294.83
294.76
294.69
294.62
294.55
294.48
294.41
294.34
294.27
294.2
294.13
294.06
293.99
293.92
293.85
293.78
293.71
293.64
293.57
293.5
293.43
293.36
293.29
293.22
293.15
293.08
293.01
292.94
292.88
292.81
292.74
292.67
292.6
292.52
292.45
292.38
292.31
292.24
292.17
292.1
292.03
291.96
291.89
291.82
291.75
291.68
291.61
291.54
291.46
291.39
291.32
291.25
291.18
291.11
291.03
290.96
290.89
290.82
290.75
290.67
290.6
290.53
290.46
290.38
290.31
290.24
290.16
290.09
290.01
289.94
289.87
289.79
289.72
289.64
289.57
289.49
289.42
289.34
289.27
289.19
289.11
289.04
288.96
288.89
288.81
288.73
288.65
288.58
288.5
288.42
288.34
288.27
288.19
288.11
288.03
287.95
287.87
287.79
287.71
287.63
287.55
287.47
287.39
287.31
287.22
287.14
287.06
286.98
286.9
286.81
286.73
286.65
286.56
286.48
286.39
286.31
286.22
286.14
286.05
285.97
285.88
285.79
285.71
285.62
285.53
285.44
285.36
285.27
285.18
285.09
285
284.91
284.82
284.73
284.64
284.55
284.46
284.36
284.27
284.18
284.09
283.99
283.9
283.81
283.71
283.62
283.53
283.43
283.34
283.24
283.15
283.05
282.96
282.86
282.76
282.67
282.57
282.47
282.37
282.28
282.18
282.08
281.98
281.88
281.78
281.68
281.59
281.49
281.39
281.29
281.18
281.08
280.98
280.88
280.78
280.68
280.58
280.48
280.37
280.27
280.17
280.07
279.96
279.86
279.76
279.65
279.55
279.44
279.34
279.23
279.13
279.02
278.92
278.81
278.71
278.6
278.5
278.39
278.29
278.18
278.07
277.97
277.86
277.75
277.64
277.54
277.43
277.32
277.21
277.1
277
276.89
276.78
276.67
276.56
276.45
276.34
276.23
276.13
276.02
275.91
275.8
275.69
275.58
275.47
275.36
275.24
275.13
275.02
274.91
274.8
274.69
274.58
274.47
274.36
274.24
274.13
274.02
273.91
273.8
273.68
273.57
273.46
273.35
273.24
273.12
273.01
272.9
272.78
272.67
272.56
272.44
272.33
272.22
272.1
271.99
271.87
271.76
271.65
271.53
271.42
271.3
271.19
271.07
270.96
270.84
270.73
270.61
270.5
270.38
270.27
270.15
270.04
269.92
269.8
269.69
269.57
269.46
269.34
269.22
269.11
268.99
268.87
268.75
268.64
268.52
268.4
268.28
268.17
268.05
267.93
267.81
267.7
267.58
267.46
267.34
267.22
267.1
266.98
266.86
266.75
266.63
266.51
266.39
266.27
266.15
266.03
265.91
265.79
265.67
265.55
265.43
265.31
265.19
265.07
264.95
264.82
264.7
264.58
264.46
264.34
264.22
264.1
263.97
263.85
263.73
263.61
263.48
263.36
263.24
263.12
262.99
262.87
262.75
262.63
262.5
262.38
262.25
262.13
262.01
261.88
261.76
261.64
261.51
261.39
261.26
261.14
261.01
260.89
260.76
260.64
260.51
260.39
260.26
260.14
260.01
259.88
259.76
259.63
259.51
259.38
259.25
259.13
259
258.87
258.75
258.62
258.49
258.36
258.24
258.11
257.98
257.85
257.72
257.6
257.47
257.34
257.21
257.08
256.95
256.83
256.7
256.57
256.44
256.31
256.18
256.05
255.92
255.79
255.66
255.53
255.4
255.27
255.14
255.01
254.88
254.75
254.62
254.49
254.35
254.22
254.09
253.96
253.83
253.7
253.57
253.43
253.3
253.17
253.04
252.9
252.77
252.64
252.51
252.37
252.24
252.11
251.97
251.84
251.71
251.57
251.44
251.31
251.17
251.04
250.9
250.77
250.63
250.5
250.37
250.23
250.1
249.96
249.83
249.69
249.55
249.42
249.28
249.15
249.01
248.88
248.74
248.6
248.47
248.33
248.19
248.06
247.92
247.78
247.65
247.51
247.37
247.23
247.1
246.96
246.82
246.68
246.55
246.41
246.27
246.13
245.99
245.85
245.72
245.58
245.44
245.3
245.16
245.02
244.88
244.74
244.6
244.46
244.32
244.18
244.04
243.9
243.76
243.61
243.47
243.33
243.19
243.05
242.91
242.76
242.62
242.48
242.33
242.19
242.05
241.9
241.76
241.61
241.47
241.33
241.18
241.03
240.89
240.74
240.6
240.45
240.3
240.16
240.01
239.86
239.72
239.57
239.42
239.27
239.12
238.97
238.82
238.67
238.52
238.37
238.22
238.07
237.92
237.77
237.62
237.47
237.31
237.16
237.01
236.85
236.7
236.55
236.39
236.24
236.08
235.92
235.77
235.61
235.46
235.3
235.14
234.98
234.82
234.67
234.51
234.35
234.19
234.03
233.87
233.71
233.54
233.38
233.22
233.06
232.89
232.73
232.57
232.4
232.24
232.07
231.91
231.74
231.57
231.41
231.24
231.07
230.9
230.74
230.57
230.4
230.23
230.06
229.88
229.71
229.54
229.37
229.19
229.02
228.85
228.67
228.5
228.32
228.15
227.97
227.8
227.62
227.44
227.26
227.09
226.91
226.73
226.55
226.37
226.19
226.01
225.83
225.65
225.47
225.28
225.1
224.92
224.74
224.55
224.37
224.18
224
223.82
223.63
223.45
223.26
223.07
222.89
222.7
222.52
222.33
222.14
221.95
221.77
221.58
221.39
221.2
221.01
220.82
220.63
220.44
220.25
220.06
219.87
219.68
219.49
219.3
219.11
218.92
218.73
218.54
218.34
218.15
217.96
217.77
217.57
217.38
217.19
216.99
216.8
216.61
216.41
216.22
216.03
215.83
215.64
215.44
215.25
215.05
214.86
214.66
214.47
214.27
214.08
213.88
213.69
213.49
213.3
213.1
212.9
212.71
212.51
212.32
212.12
211.92
211.73
211.53
211.34
211.14
210.94
210.75
210.55
210.35
210.16
209.96
209.76
209.57
209.37
209.18
208.98
208.78
208.59
208.39
208.19
208
207.8
207.6
207.41
207.21
207.01
206.82
206.62
206.42
206.23
206.03
205.83
205.64
205.44
205.24
205.05
204.85
204.65
204.45
204.26
204.06
203.86
203.66
203.47
203.27
203.07
202.87
202.67
202.48
202.28
202.08
201.88
201.68
201.48
201.29
201.09
200.89
200.69
200.49
200.29
200.09
199.89
199.69
199.49
199.29
199.09
198.89
198.69
198.49
198.29
198.08
197.88
197.68
197.48
197.28
197.08
196.87
196.67
196.47
196.26
196.06
195.86
195.65
195.45
195.25
195.04
194.84
194.63
194.43
194.22
194.02
193.81
193.61
193.4
193.19
192.99
192.78
192.57
192.37
192.16
191.95
191.74
191.53
191.33
191.12
190.91
190.7
190.49
190.28
190.07
189.86
189.65
189.43
189.22
189.01
188.8
188.59
188.37
188.16
187.95
187.73
187.52
187.3
187.09
186.87
186.66
186.44
186.23
186.01
185.79
185.58
185.36
185.14
184.92
184.7
184.49
184.27
184.05
183.83
183.61
183.39
183.17
182.95
182.73
182.5
182.28
182.06
181.84
181.62
181.39
181.17
180.95
180.73
180.5
180.28
180.05
179.83
179.61
179.38
179.16
178.93
178.71
178.48
178.26
178.03
177.81
177.58
177.35
177.13
176.9
176.67
176.45
176.22
175.99
175.77
175.54
175.31
175.08
174.86
174.63
174.4
174.17
173.94
173.71
173.49
173.26
173.03
172.8
172.57
172.34
172.11
171.89
171.66
171.43
171.2
170.97
170.74
170.51
170.28
170.05
169.82
169.59
169.36
169.13
168.9
168.67
168.44
168.21
167.98
167.76
167.53
167.3
167.07
166.84
166.61
166.38
166.15
165.92
165.69
165.46
165.23
165
164.77
164.54
164.31
164.08
163.86
163.63
163.4
163.17
162.94
162.71
162.48
162.25
162.03
161.8
161.57
161.34
161.11
160.89
160.66
160.43
160.2
159.98
159.75
159.52
159.29
159.07
158.84
158.61
158.38
158.16
157.93
157.7
157.48
157.25
157.02
156.8
156.57
156.34
156.12
155.89
155.66
155.43
155.21
154.98
154.75
154.53
154.3
154.07
153.85
153.62
153.39
153.17
152.94
152.71
152.48
152.26
152.03
151.8
151.58
151.35
151.12
150.89
150.66
150.44
150.21
149.98
149.75
149.53
149.3
149.07
148.84
148.61
148.38
148.15
147.93
147.7
147.47
147.24
147.01
146.78
146.55
146.32
146.09
145.86
145.63
145.4
145.17
144.94
144.71
144.47
144.24
144.01
143.78
143.55
143.32
143.08
142.85
142.62
142.39
142.15
141.92
141.69
141.45
141.22
140.98
140.75
140.51
140.28
140.04
139.81
139.57
139.34
139.1
138.86
138.63
138.39
138.15
137.91
137.68
137.44
137.2
136.96
136.72
136.48
136.24
136
135.76
135.52
135.28
135.04
134.8
134.56
134.31
134.07
133.83
133.59
133.34
133.1
132.86
132.61
132.37
132.12
131.88
131.63
131.39
131.14
130.89
130.65
130.4
130.15
129.91
129.66
129.41
129.16
128.91
128.67
128.42
128.17
127.92
127.67
127.42
127.17
126.92
126.67
126.42
126.17
125.91
125.66
125.41
125.16
124.91
124.65
124.4
124.15
123.89
123.64
123.39
123.13
122.88
122.62
122.37
122.11
121.86
121.6
121.35
121.09
120.83
120.58
120.32
120.06
119.81
119.55
119.29
119.03
118.77
118.52
118.26
118
117.74
117.48
117.22
116.96
116.7
116.44
116.18
115.92
115.66
115.4
115.14
114.88
114.61
114.35
114.09
113.83
113.57
113.3
113.04
112.78
112.52
112.25
111.99
111.73
111.46
111.2
110.93
110.67
110.4
110.14
109.87
109.61
109.34
109.08
108.81
108.55
108.28
108.02
107.75
107.48
107.22
106.95
106.68
106.42
106.15
105.88
105.61
105.35
105.08
104.81
104.55
104.28
104.01
103.74
103.47
103.21
102.94
102.67
102.4
102.14
101.87
101.6
101.33
101.07
100.8
100.53
100.27
99.999
99.732
99.466
99.199
98.933
98.666
98.4
98.134
97.868
97.603
97.337
97.072
96.807
96.542
96.278
96.013
95.749
95.485
95.222
94.959
94.695
94.433
94.17
93.908
93.646
93.385
93.124
92.863
92.602
92.342
92.082
91.823
91.564
91.305
91.047
90.789
90.532
90.275
90.019
89.763
89.507
89.252
88.997
88.743
88.49
88.236
87.984
87.732
87.48
87.229
86.978
86.729
86.479
86.23
85.982
85.734
85.487
85.241
84.995
84.75
84.505
84.262
84.018
83.776
83.534
83.293
83.052
82.812
82.573
82.335
82.097
81.86
81.624
81.388
81.154
80.92
80.687
80.454
80.223
79.992
79.762
79.533
79.304
79.077
78.85
78.624
78.399
78.174
77.95
77.727
77.505
77.283
77.062
76.842
76.622
76.403
76.184
75.966
75.749
75.533
75.317
75.101
74.886
74.672
74.458
74.245
74.032
73.82
73.608
73.397
73.186
72.976
72.766
72.556
72.347
72.139
71.93
71.723
71.515
71.308
71.101
70.895
70.689
70.483
70.278
70.073
69.868
69.664
69.459
69.255
69.052
68.848
68.645
68.442
68.239
68.036
67.834
67.631
67.429
67.227
67.025
66.823
66.621
66.42
66.218
66.017
65.815
65.614
65.413
65.211
65.01
64.809
64.608
64.406
64.205
64.004
63.802
63.601
63.399
63.197
62.996
62.794
62.592
62.39
62.187
61.985
61.782
61.579
61.376
61.173
60.97
60.766
60.562
60.358
60.154
59.949
59.744
59.539
59.334
59.128
58.922
58.715
58.508
58.301
58.093
57.885
57.677
57.468
57.259
57.049
56.839
56.629
56.418
56.206
55.994
55.782
55.57
55.357
55.143
54.929
54.715
54.501
54.286
54.071
53.855
53.639
53.423
53.207
52.99
52.773
52.556
52.338
52.121
51.903
51.685
51.466
51.248
51.029
50.81
50.591
50.371
50.152
49.932
49.713
49.493
49.273
49.053
48.832
48.612
48.392
48.171
47.951
47.73
47.51
47.289
47.069
46.848
46.628
46.407
46.186
45.966
45.745
45.525
45.305
45.084
44.864
44.644
44.424
44.204
43.984
43.765
43.545
43.326
43.107
42.888
42.669
42.45
42.232
42.014
41.796
41.578
41.36
41.143
40.926
40.709
40.493
40.276
40.061
39.845
39.63
39.415
39.2
38.986
38.772
38.558
38.345
38.133
37.92
37.708
37.497
37.286
37.075
36.865
36.655
36.446
36.237
36.029
35.821
35.613
35.407
35.2
34.995
34.789
34.585
34.381
34.177
33.974
33.772
33.57
33.369
33.169
32.969
32.77
32.571
32.373
32.176
31.979
31.783
31.588
31.393
31.199
31.006
30.813
30.621
30.429
30.238
30.048
29.859
29.67
29.482
29.294
29.107
28.921
28.735
28.55
28.365
28.182
27.999
27.816
27.634
27.453
27.273
27.093
26.914
26.735
26.557
26.38
26.203
26.027
25.852
25.677
25.503
25.33
25.157
24.985
24.814
24.643
24.473
24.304
24.135
23.967
23.799
23.633
23.466
23.301
23.136
22.972
22.808
22.645
22.483
22.322
22.161
22
21.841
21.682
21.524
21.366
21.209
21.053
20.897
20.742
20.588
20.434
20.281
20.129
19.977
19.826
19.676
19.526
19.377
19.229
19.081
18.934
18.788
18.642
18.497
18.353
18.209
18.066
17.923
17.782
17.641
17.5
17.361
17.222
17.083
16.945
16.808
16.672
16.536
16.401
16.267
16.133
16
15.868
15.736
15.605
15.475
15.345
15.216
15.088
14.96
14.833
14.707
14.581
14.456
14.332
14.208
14.085
13.963
13.841
13.72
13.599
13.479
13.36
13.241
13.123
13.005
12.888
12.772
12.656
12.541
12.426
12.312
12.198
12.085
11.972
11.86
11.749
11.638
11.527
11.417
11.308
11.199
11.09
10.982
10.874
10.767
10.66
10.554
10.448
10.343
10.238
10.134
10.03
9.9259
9.8227
9.7199
9.6174
9.5154
9.4138
9.3125
9.2116
9.1111
9.011
8.9112
8.8117
8.7126
8.6139
8.5155
8.4174
8.3196
8.2222
8.125
8.0282
7.9317
7.8354
7.7395
7.6438
7.5484
7.4533
7.3584
7.2638
7.1694
7.0753
6.9814
6.8878
6.7944
6.7012
6.6082
6.5154
6.4229
6.3305
6.2383
6.1463
6.0545
5.9629
5.8714
5.7801
5.689
5.598
5.5071
5.4164
5.3258
5.2353
5.145
5.0548
4.9646
4.8746
4.7847
4.6949
4.6051
4.5155
4.4259
4.3363
4.2469
4.1575
4.0681
3.9788
3.8895
3.8002
3.711
3.6218
3.5326
3.4434
3.3543
3.2651
3.176
3.087
2.9979
2.909
2.82
2.7311
2.6423
2.5535
2.4647
2.376
2.2874
2.1989
2.1104
2.022
1.9337
1.8455
1.7574
1.6693
1.5814
1.4935
1.4058
1.3181
1.2306
1.1432
1.0559
0.96867
0.88161
0.79468
0.70788
0.62122
0.5347
0.44832
0.36209
0.27601
0.19008
0.10432
0.018709
-0.066733
-0.15201
-0.23711
-0.32203
-0.40677
-0.49133
-0.57571
-0.65989
-0.74387
-0.82766
-0.91125
-0.99463
-1.0778
-1.1608
-1.2435
-1.326
-1.4083
-1.4904
-1.5722
-1.6538
-1.7352
-1.8163
-1.8972
-1.9778
-2.0582
-2.1383
-2.2181
-2.2977
-2.377
-2.4561
-2.5348
-2.6133
-2.6915
-2.7694
-2.8471
-2.9244
-3.0014
-3.0782
-3.1546
-3.2307
-3.3065
-3.382
-3.4572
-3.532
-3.6065
-3.6807
-3.7545
-3.8281
-3.9012
-3.974
-4.0465
-4.1186
-4.1904
-4.2618
-4.3328
-4.4035
-4.4738
-4.5437
-4.6133
-4.6824
-4.7512
-4.8196
-4.8876
-4.9551
-5.0223
-5.0891
-5.1555
-5.2215
-5.287
-5.3521
-5.4168
-5.4811
-5.545
-5.6084
-5.6714
-5.7341
-5.7962
-5.858
-5.9194
-5.9803
-6.0409
-6.101
-6.1607
-6.22
-6.2789
-6.3374
-6.3955
-6.4532
-6.5105
-6.5673
-6.6238
-6.6799
-6.7355
-6.7908
-6.8457
-6.9001
-6.9542
-7.0079
-7.0612
-7.114
-7.1665
-7.2186
-7.2703
-7.3217
-7.3726
-7.4231
-7.4733
-7.5231
-7.5724
-7.6214
-7.67
-7.7183
-7.7661
-7.8136
-7.8607
-7.9074
-7.9537
-7.9996
-8.0452
-8.0904
-8.1352
-8.1797
-8.2238
-8.2675
-8.3108
-8.3538
-8.3964
-8.4386
-8.4805
-8.522
-8.5631
-8.6039
-8.6443
-8.6843
-8.724
-8.7633
-8.8023
-8.8409
-8.8791
-8.917
-8.9545
-8.9917
-9.0285
-9.065
-9.1011
-9.1369
-9.1723
-9.2074
-9.2421
-9.2765
-9.3105
-9.3442
-9.3775
-9.4105
-9.4432
-9.4755
-9.5075
-9.5391
-9.5704
-9.6013
-9.632
-9.6622
-9.6922
-9.7218
-9.7511
-9.78
-9.8087
-9.837
-9.8649
-9.8925
-9.9199
-9.9468
-9.9735
-9.9998
-10.026
-10.052
-10.077
-10.102
-10.127
-10.151
-10.175
-10.199
-10.222
-10.245
-10.268
-10.291
-10.313
-10.335
-10.357
-10.378
-10.399
-10.42
-10.44
-10.46
-10.48
-10.5
-10.519
-10.538
-10.556
-10.575
-10.593
-10.611
-10.628
-10.646
-10.663
-10.679
-10.696
-10.712
-10.728
-10.744
-10.759
-10.774
-10.789
-10.804
-10.818
-10.832
-10.846
-10.86
-10.873
-10.886
-10.899
-10.912
-10.924
-10.937
-10.949
-10.96
-10.972
-10.983
-10.994
-11.005
-11.016
-11.026
-11.036
-11.046
-11.056
-11.065
-11.074
-11.084
-11.092
-11.101
-11.11
-11.118
-11.126
-11.134
-11.141
-11.149
-11.156
-11.163
-11.17
-11.177
-11.183
-11.19
-11.196
-11.202
-11.207
-11.213
-11.219
-11.224
-11.229
-11.234
-11.239
-11.243
-11.248
-11.252
-11.256
-11.26
-11.264
-11.267
-11.271
-11.274
-11.277
-11.28
-11.283
-11.286
-11.289
-11.291
-11.293
-11.296
-11.298
-11.3
-11.302
-11.303
-11.305
-11.306
-11.308
-11.309
-11.31
-11.311
-11.312
-11.312
-11.313
-11.313
-11.314
-11.314
-11.314
-11.314
-11.314
-11.314
-11.314
-11.314
-11.313
-11.313
-11.312
-11.311
-11.31
-11.309
-11.308
-11.307
-11.305
-11.304
-11.302
-11.3
-11.298
-11.296
-11.294
-11.292
-11.29
-11.287
-11.285
-11.282
-11.279
-11.276
-11.273
-11.27
-11.267
-11.264
-11.26
-11.256
-11.253
-11.249
-11.245
-11.241
-11.236
-11.232
-11.227
-11.223
-11.218
-11.213
-11.208
-11.203
-11.198
-11.192
-11.187
-11.181
-11.175
-11.169
-11.163
-11.157
-11.151
-11.144
-11.138
-11.131
-11.124
-11.117
-11.11
-11.103
-11.095
-11.088
-11.08
-11.072
-11.065
-11.057
-11.048
-11.04
-11.032
-11.023
-11.014
-11.005
-10.996
-10.987
-10.978
-10.968
-10.959
-10.949
-10.939
-10.929
-10.919
-10.909
-10.899
-10.888
-10.877
-10.866
-10.855
-10.844
-10.833
-10.822
-10.81
-10.798
-10.786
-10.774
-10.762
-10.75
-10.738
-10.725
-10.712
-10.699
-10.686
-10.673
-10.66
-10.646
-10.633
-10.619
-10.605
-10.591
-10.577
-10.562
-10.548
-10.533
-10.518
-10.503
-10.488
-10.473
-10.457
-10.442
-10.426
-10.41
-10.394
-10.378
-10.362
-10.345
-10.329
-10.312
-10.295
-10.278
-10.261
-10.244
-10.227
-10.209
-10.191
-10.174
-10.156
-10.138
-10.12
-10.101
-10.083
-10.064
-10.046
-10.027
-10.008
-9.9889
-9.9697
-9.9504
-9.931
-9.9114
-9.8918
-9.872
-9.8521
-9.832
-9.8119
-9.7916
-9.7712
-9.7507
-9.7301
-9.7094
-9.6885
-9.6675
-9.6465
-9.6253
-9.604
-9.5826
-9.561
-9.5394
-9.5177
-9.4958
-9.4738
-9.4518
-9.4296
-9.4073
-9.3849
-9.3624
-9.3398
-9.3172
-9.2944
-9.2715
-9.2485
-9.2253
-9.2021
-9.1788
-9.1555
-9.132
-9.1084
-9.0847
-9.0609
-9.037
-9.013
-8.989
-8.9648
-8.9406
-8.9162
-8.8918
-8.8673
-8.8427
-8.818
-8.7932
-8.7683
-8.7434
-8.7183
-8.6932
-8.668
-8.6427
-8.6173
-8.5918
-8.5663
-8.5407
-8.515
-8.4892
-8.4633
-8.4374
-8.4114
-8.3853
-8.3591
-8.3329
-8.3065
-8.2802
-8.2537
-8.2272
-8.2006
-8.1739
-8.1471
-8.1203
-8.0934
-8.0665
-8.0395
-8.0124
-7.9852
-7.958
-7.9307
-7.9034
-7.876
-7.8485
-7.821
-7.7934
-7.7658
-7.7381
-7.7104
-7.6825
-7.6547
-7.6268
-7.5988
-7.5708
-7.5427
-7.5145
-7.4864
-7.4581
-7.4299
-7.4015
-7.3731
-7.3447
-7.3162
-7.2877
-7.2592
-7.2306
-7.2019
-7.1732
-7.1445
-7.1157
-7.0869
-7.0581
-7.0292
-7.0003
-6.9713
-6.9423
-6.9133
-6.8842
-6.8551
-6.826
-6.7968
-6.7676
-6.7384
-6.7091
-6.6798
-6.6505
-6.6212
-6.5918
-6.5624
-6.533
-6.5035
-6.4741
-6.4446
-6.4151
-6.3855
-6.356
-6.3264
-6.2968
-6.2672
-6.2376
-6.2079
-6.1783
-6.1486
-6.1189
-6.0892
-6.0595
-6.0298
-6.0001
-5.9703
-5.9406
-5.9108
-5.881
-5.8513
-5.8215
-5.7917
-5.7619
-5.7321
-5.7023
-5.6725
-5.6427
-5.6129
-5.5831
-5.5533
-5.5235
-5.4937
-5.4639
-5.4341
-5.4043
-5.3745
-5.3448
-5.315
-5.2852
-5.2555
-5.2257
-5.196
-5.1663
-5.1366
-5.1069
-5.0772
-5.0475
-5.0179
-4.9883
-4.9586
-4.929
-4.8994
-4.8698
-4.8403
-4.8107
-4.7812
-4.7517
-4.7222
-4.6927
-4.6633
-4.6339
-4.6044
-4.575
-4.5457
-4.5163
-4.487
-4.4577
-4.4284
-4.3991
-4.3699
-4.3407
-4.3115
-4.2823
-4.2532
-4.224
-4.195
-4.1659
-4.1368
-4.1078
-4.0788
-4.0499
-4.021
-3.992
-3.9632
-3.9343
-3.9055
-3.8767
-3.848
-3.8193
-3.7906
-3.7619
-3.7333
-3.7047
-3.6761
-3.6476
-3.6191
-3.5906
-3.5622
-3.5338
-3.5055
-3.4772
-3.4489
-3.4206
-3.3924
-3.3643
-3.3361
-3.308
-3.28
-3.252
-3.224
-3.196
-3.1682
-3.1403
-3.1125
-3.0847
-3.057
-3.0293
-3.0017
-2.9741
-2.9465
-2.919
-2.8915
-2.8641
-2.8367
-2.8094
-2.7821
-2.7549
-2.7277
-2.7006
-2.6735
-2.6464
-2.6194
-2.5925
-2.5656
-2.5387
-2.5119
-2.4852
-2.4585
-2.4319
-2.4053
-2.3787
-2.3523
-2.3258
-2.2994
-2.2731
-2.2469
-2.2206
-2.1945
-2.1684
-2.1423
-2.1164
-2.0904
-2.0646
-2.0387
-2.013
-1.9873
-1.9617
-1.9361
-1.9105
-1.8851
-1.8597
-1.8343
-1.809
-1.7838
-1.7586
-1.7335
-1.7084
-1.6834
-1.6585
-1.6335
-1.6087
-1.5839
-1.5592
-1.5345
-1.5099
-1.4853
-1.4608
-1.4363
-1.4119
-1.3875
-1.3632
-1.3389
-1.3147
-1.2906
-1.2665
-1.2424
-1.2184
-1.1944
-1.1705
-1.1467
-1.1229
-1.0991
-1.0754
-1.0518
-1.0282
-1.0046
-0.98109
-0.95762
-0.93421
-0.91084
-0.88751
-0.86424
-0.84101
-0.81783
-0.79469
-0.7716
-0.74856
-0.72556
-0.70261
-0.6797
-0.65683
-0.63401
-0.61124
-0.5885
-0.56581
-0.54317
-0.52056
-0.498
-0.47549
-0.45301
-0.43058
-0.40818
-0.38583
-0.36352
-0.34125
-0.31903
-0.29684
-0.27469
-0.25258
-0.23051
-0.20848
-0.18649
-0.16454
-0.14263
-0.12076
-0.098921
-0.077122
-0.055361
-0.033638
-0.011951
0.0096986
0.031312
0.052889
0.07443
0.095936
0.11741
0.13884
0.16024
0.18161
0.20294
0.22423
0.2455
0.26672
0.28792
0.30908
0.33021
0.35131
0.37237
0.39341
0.41441
0.43538
0.45632
0.47722
0.4981
0.51894
0.53976
0.56054
0.5813
0.60203
0.62273
0.64341
0.66406
0.68468
0.70528
0.72586
0.74642
0.76696
0.78747
0.80797
0.82845
0.84891
0.86935
0.88978
0.91019
0.93059
0.95097
0.97135
0.99171
1.0121
1.0324
1.0527
1.0731
1.0934
1.1137
1.134
1.1543
1.1746
1.1949
1.2152
1.2355
1.2557
1.276
1.2963
1.3166
1.3369
1.3572
1.3775
1.3978
1.4181
1.4385
1.4588
1.4791
1.4995
1.5199
1.5402
1.5606
1.581
1.6014
1.6219
1.6423
1.6628
1.6833
1.7038
1.7243
1.7448
1.7654
1.786
1.8066
1.8272
1.8479
1.8686
1.8893
1.91
1.9308
1.9515
1.9724
1.9932
2.0141
2.035
2.056
2.077
2.098
2.119
2.1401
2.1613
2.1824
2.2036
2.2249
2.2462
2.2675
2.2889
2.3103
2.3318
2.3533
2.3748
2.3964
2.4181
2.4398
2.4615
2.4833
2.5052
2.5271
2.549
2.571
2.5931
2.6152
2.6374
2.6596
2.6819
2.7043
2.7267
2.7492
2.7717
2.7943
2.817
2.8397
2.8625
2.8854
2.9083
2.9313
2.9543
2.9774
3.0006
3.0238
3.0471
3.0705
3.0939
3.1173
3.1409
3.1645
3.1881
3.2118
3.2355
3.2593
3.2832
3.3071
3.331
3.355
3.3791
3.4032
3.4273
3.4515
3.4758
3.5
3.5244
3.5488
3.5732
3.5976
3.6221
3.6467
3.6713
3.6959
3.7206
3.7453
3.77
3.7948
3.8196
3.8445
3.8694
3.8943
3.9192
3.9442
3.9692
3.9943
4.0194
4.0445
4.0696
4.0948
4.12
4.1452
4.1704
4.1957
4.221
4.2463
4.2716
4.297
4.3224
4.3478
4.3732
4.3987
4.4241
4.4496
4.4751
4.5006
4.5261
4.5517
4.5772
4.6028
4.6284
4.654
4.6796
4.7052
4.7308
4.7565
4.7821
4.8078
4.8334
4.8591
4.8848
4.9104
4.9361
4.9618
4.9875
5.0132
5.0388
5.0645
5.0902
5.1159
5.1416
5.1672
5.1929
5.2186
5.2443
5.2699
5.2956
5.3212
5.3468
5.3725
5.3981
5.4237
5.4493
5.4749
5.5004
5.526
5.5515
5.5771
5.6026
5.6281
5.6536
5.679
5.7045
5.7299
5.7553
5.7807
5.8061
5.8315
5.8568
5.8822
5.9075
5.9328
5.9581
5.9833
6.0086
6.0338
6.0591
6.0843
6.1095
6.1346
6.1598
6.1849
6.2101
6.2352
6.2603
6.2853
6.3104
6.3354
6.3605
6.3855
6.4105
6.4355
6.4604
6.4854
6.5103
6.5352
6.5601
6.585
6.6099
6.6347
6.6596
6.6844
6.7092
6.734
6.7587
6.7835
6.8082
6.8329
6.8577
6.8823
6.907
6.9317
6.9563
6.9809
7.0055
7.0301
7.0547
7.0793
7.1038
7.1283
7.1529
7.1774
7.2018
7.2263
7.2507
7.2752
7.2996
7.324
7.3484
7.3727
7.3971
7.4214
7.4457
7.47
7.4943
7.5186
7.5429
7.5671
7.5913
7.6155
7.6397
7.6639
7.688
7.7122
7.7363
7.7604
7.7845
7.8086
7.8326
7.8567
7.8807
7.9047
7.9287
7.9527
7.9767
8.0006
8.0245
8.0484
8.0723
8.0962
8.1201
8.1439
8.1678
8.1916
8.2154
8.2392
8.263
8.2867
8.3104
8.3342
8.3579
8.3816
8.4052
8.4289
8.4525
8.4761
8.4997
8.5233
8.5468
8.5704
8.5939
8.6174
8.6408
8.6642
8.6876
8.711
8.7344
8.7577
8.781
8.8043
8.8275
8.8507
8.8739
8.897
8.9201
8.9432
8.9663
8.9893
9.0122
9.0352
9.0581
9.0809
9.1038
9.1266
9.1493
9.172
9.1947
9.2173
9.2399
9.2624
9.2849
9.3074
9.3298
9.3522
9.3745
9.3968
9.419
9.4412
9.4633
9.4854
9.5074
9.5294
9.5513
9.5732
9.595
9.6168
9.6385
9.6602
9.6818
9.7033
9.7248
9.7462
9.7676
9.7889
9.8102
9.8314
9.8525
9.8736
9.8946
9.9156
9.9365
9.9573
9.9781
9.9987
10.019
10.04
10.06
10.081
10.101
10.122
10.142
10.162
10.182
10.202
10.222
10.242
10.262
10.281
10.301
10.32
10.34
10.359
10.379
10.398
10.417
10.436
10.455
10.474
10.493
10.512
10.53
10.549
10.567
10.586
10.604
10.622
10.641
10.659
10.677
10.695
10.712
10.73
10.748
10.765
10.783
10.8
10.817
10.835
10.852
10.869
10.886
10.902
10.919
10.936
10.953
10.969
10.986
11.002
11.018
11.035
11.051
11.067
11.083
11.099
11.115
11.131
11.147
11.163
11.178
11.194
11.21
11.225
11.241
11.256
11.271
11.287
11.302
11.317
11.332
11.347
11.362
11.377
11.392
11.407
11.422
11.437
11.452
11.467
11.481
11.496
11.511
11.525
11.54
11.554
11.569
11.583
11.598
11.612
11.626
11.641
11.655
11.669
11.684
11.698
11.712
11.726
11.741
11.755
11.769
11.783
11.797
11.811
11.825
11.84
11.854
11.868
11.882
11.896
11.91
11.924
11.938
11.952
11.966
11.98
11.994
12.008
12.022
12.036
12.05
12.064
12.078
12.092
12.106
12.12
12.135
12.149
12.163
12.177
12.191
12.205
12.219
12.234
12.248
12.262
12.276
12.291
12.305
12.319
12.334
12.348
12.362
12.377
12.391
12.406
12.42
12.435
12.449
12.464
12.478
12.493
12.508
12.522
12.537
12.552
12.566
12.581
12.596
12.611
12.625
12.64
12.655
12.669
12.684
12.699
12.714
12.728
12.743
12.758
12.772
12.787
12.802
12.816
12.831
12.846
12.86
12.875
12.89
12.904
12.919
12.933
12.948
12.962
12.977
12.991
13.005
13.02
13.034
13.048
13.063
13.077
13.091
13.105
13.119
13.133
13.147
13.161
13.175
13.189
13.203
13.216
13.23
13.244
13.257
13.271
13.284
13.298
13.311
13.325
13.338
13.351
13.364
13.377
13.39
13.403
13.416
13.429
13.441
13.454
13.466
13.479
13.491
13.503
13.516
13.528
13.54
13.552
13.564
13.575
13.587
13.599
13.61
13.621
13.633
13.644
13.655
13.666
13.677
13.688
13.698
13.709
13.719
13.73
13.74
13.75
13.76
13.77
13.78
13.79
13.799
13.809
13.818
13.827
13.836
13.845
13.854
13.863
13.871
13.88
13.888
13.896
13.904
13.912
13.92
13.928
13.936
13.943
13.95
13.958
13.965
13.972
13.979
13.986
13.992
13.999
14.005
14.011
14.018
14.024
14.03
14.036
14.041
14.047
14.052
14.058
14.063
14.068
14.073
14.078
14.083
14.088
14.092
14.097
14.101
14.106
14.11
14.114
14.118
14.121
14.125
14.129
14.132
14.136
14.139
14.142
14.145
14.148
14.151
14.154
14.156
14.159
14.161
14.164
14.166
14.168
14.17
14.172
14.174
14.176
14.177
14.179
14.18
14.181
14.183
14.184
14.185
14.186
14.186
14.187
14.188
14.188
14.189
14.189
14.189
14.189
14.189
14.189
14.189
14.189
14.188
14.188
14.187
14.186
14.186
14.185
14.184
14.183
14.182
14.18
14.179
14.178
14.176
14.175
14.173
14.171
14.169
14.167
14.165
14.163
14.161
14.158
14.156
14.154
14.151
14.148
14.145
14.143
14.14
14.137
14.134
14.13
14.127
14.124
14.12
14.117
14.113
14.11
14.106
14.102
14.098
14.094
14.09
14.086
14.082
14.078
14.074
14.069
14.065
14.06
14.056
14.051
14.047
14.042
14.037
14.033
14.028
14.023
14.018
14.013
14.008
14.003
13.998
13.992
13.987
13.982
13.977
13.971
13.966
13.961
13.955
13.95
13.944
13.939
13.933
13.927
13.922
13.916
13.91
13.905
13.899
13.893
13.887
13.882
13.876
13.87
13.864
13.858
13.852
13.846
13.84
13.834
13.828
13.823
13.817
13.811
13.805
13.799
13.793
13.787
13.781
13.775
13.769
13.763
13.757
13.751
13.745
13.739
13.733
13.727
13.721
13.715
13.709
13.703
13.697
13.691
13.685
13.679
13.674
13.668
13.662
13.656
13.651
13.645
13.639
13.633
13.628
13.622
13.617
13.611
13.606
13.6
13.595
13.589
13.584
13.578
13.573
13.568
13.563
13.557
13.552
13.547
13.542
13.537
13.532
13.527
13.522
13.517
13.512
13.507
13.501
13.496
13.491
13.486
13.481
13.476
13.471
13.466
13.461
13.456
13.451
13.445
13.44
13.435
13.43
13.424
13.419
13.414
13.408
13.403
13.397
13.391
13.386
13.38
13.374
13.369
13.363
13.357
13.351
13.345
13.339
13.332
13.326
13.32
13.313
13.307
13.3
13.293
13.287
13.28
13.273
13.266
13.258
13.251
13.244
13.236
13.228
13.221
13.213
13.205
13.197
13.188
13.18
13.172
13.163
13.154
13.145
13.136
13.127
13.118
13.108
13.099
13.089
13.079
13.069
13.059
13.048
13.038
13.027
13.016
13.005
12.994
12.982
12.971
12.959
12.947
12.935
12.923
12.91
12.897
12.884
12.871
12.858
12.844
12.831
12.817
12.803
12.788
12.774
12.759
12.744
12.729
12.713
12.697
12.681
12.665
12.649
12.632
12.615
12.598
12.581
12.564
12.546
12.528
12.51
12.491
12.473
12.454
12.435
12.416
12.396
12.377
12.357
12.337
12.317
12.297
12.276
12.256
12.235
12.214
12.193
12.172
12.15
12.129
12.107
12.085
12.063
12.041
12.019
11.996
11.974
11.951
11.928
11.906
11.883
11.859
11.836
11.813
11.789
11.766
11.742
11.718
11.695
11.671
11.647
11.622
11.598
11.574
11.55
11.525
11.501
11.476
11.452
11.427
11.402
11.378
11.353
11.328
11.303
11.278
11.253
11.228
11.203
11.178
11.153
11.128
11.103
11.078
11.053
11.027
11.002
10.977
10.952
10.927
10.902
10.877
10.851
10.826
10.801
10.776
10.751
10.726
10.701
10.676
10.651
10.627
10.602
10.577
10.552
10.528
10.503
10.478
10.454
10.43
10.405
10.381
10.357
10.333
10.309
10.285
10.261
10.237
10.213
10.19
10.166
10.143
10.12
10.097
10.074
10.051
10.028
10.005
9.9825
9.96
9.9376
9.9153
9.8931
9.871
9.8489
9.827
9.8052
9.7834
9.7618
9.7403
9.7188
9.6974
9.6762
9.655
9.6339
9.6129
9.5919
9.5711
9.5503
9.5297
9.5091
9.4886
9.4681
9.4478
9.4275
9.4073
9.3872
9.3671
9.3472
9.3273
9.3075
9.2877
9.268
9.2484
9.2289
9.2094
9.19
9.1706
9.1513
9.1321
9.1129
9.0939
9.0748
9.0558
9.0369
9.0181
8.9993
8.9805
8.9618
8.9432
8.9246
8.9061
8.8876
8.8691
8.8508
8.8324
8.8141
8.7959
8.7777
8.7595
8.7414
8.7233
8.7053
8.6873
8.6694
8.6514
8.6336
8.6157
8.5979
8.5801
8.5624
8.5447
8.527
8.5094
8.4918
8.4742
8.4566
8.4391
8.4216
8.4041
8.3866
8.3692
8.3518
8.3344
8.317
8.2996
8.2823
8.265
8.2477
8.2304
8.2131
8.1958
8.1786
8.1613
8.1441
8.1269
8.1096
8.0924
8.0752
8.058
8.0408
8.0236
8.0064
7.9892
7.972
7.9549
7.9377
7.9205
7.9033
7.8861
7.8689
7.8517
7.8346
7.8174
7.8002
7.783
7.7659
7.7487
7.7315
7.7144
7.6972
7.6801
7.6629
7.6457
7.6286
7.6115
7.5943
7.5772
7.5601
7.5429
7.5258
7.5087
7.4916
7.4745
7.4574
7.4403
7.4232
7.4061
7.389
7.3719
7.3549
7.3378
7.3207
7.3037
7.2866
7.2696
7.2526
7.2355
7.2185
7.2015
7.1845
7.1675
7.1505
7.1335
7.1166
7.0996
7.0826
7.0657
7.0488
7.0318
7.0149
6.998
6.9811
6.9642
6.9473
6.9304
6.9135
6.8967
6.8798
6.863
6.8461
6.8293
6.8125
6.7957
6.7789
6.7621
6.7454
6.7286
6.7119
6.6951
6.6784
6.6617
6.645
6.6283
6.6116
6.595
6.5783
6.5617
6.545
6.5284
6.5118
6.4952
6.4787
6.4621
6.4456
6.429
6.4125
6.396
6.3795
6.363
6.3465
6.3301
6.3136
6.2972
6.2808
6.2644
6.248
6.2317
6.2153
6.199
6.1827
6.1664
6.1501
6.1338
6.1176
6.1013
6.0851
6.0689
6.0527
6.0365
6.0204
6.0042
5.9881
5.972
5.956
5.9399
5.9239
5.9079
5.8919
5.8759
5.8599
5.844
5.8281
5.8122
5.7963
5.7805
5.7647
5.7489
5.7331
5.7174
5.7017
5.686
5.6703
5.6547
5.639
5.6234
5.6079
5.5923
5.5768
5.5613
5.5459
5.5305
5.5151
5.4997
5.4844
5.4691
5.4538
5.4385
5.4233
5.4081
5.393
5.3778
5.3627
5.3477
5.3327
5.3177
5.3027
5.2878
5.2729
5.258
5.2432
5.2284
5.2136
5.1989
5.1842
5.1696
5.155
5.1404
5.1259
5.1114
5.0969
5.0825
5.0681
5.0538
5.0395
5.0252
5.011
4.9968
4.9826
4.9685
4.9545
4.9405
4.9265
4.9125
4.8987
4.8848
4.871
4.8572
4.8435
4.8298
4.8162
4.8026
4.7891
4.7756
4.7621
4.7487
4.7354
4.7221
4.7088
4.6956
4.6824
4.6693
4.6562
4.6432
4.6302
4.6173
4.6044
4.5916
4.5788
4.5661
4.5534
4.5408
4.5283
4.5157
4.5033
4.4909
4.4785
4.4662
4.4539
4.4417
4.4296
4.4175
4.4054
4.3934
4.3814
4.3694
4.3575
4.3457
4.3339
4.3221
4.3104
4.2987
4.287
4.2754
4.2638
4.2522
4.2407
4.2292
4.2177
4.2063
4.1948
4.1835
4.1721
4.1608
4.1495
4.1382
4.1269
4.1157
4.1045
4.0933
4.0821
4.0709
4.0598
4.0486
4.0375
4.0264
4.0153
4.0042
3.9932
3.9821
3.9711
3.96
3.949
3.938
3.927
3.9159
3.9049
3.8939
3.8829
3.8719
3.8609
3.8499
3.8389
3.8279
3.8168
3.8058
3.7948
3.7837
3.7727
3.7616
3.7506
3.7395
3.7284
3.7173
3.7062
3.6951
3.6839
3.6727
3.6616
3.6504
3.6391
3.6279
3.6166
3.6054
3.594
3.5827
3.5714
3.56
3.5486
3.5371
3.5256
3.5141
3.5026
3.491
3.4795
3.4678
3.4562
3.4444
3.4327
3.4209
3.4091
3.3973
3.3854
3.3734
3.3614
3.3494
3.3373
3.3252
3.3131
3.3009
3.2886
3.2763
3.2639
3.2515
3.239
3.2265
3.214
3.2013
3.1887
3.1759
3.1632
3.1503
3.1375
3.1245
3.1116
3.0986
3.0855
3.0724
3.0592
3.046
3.0328
3.0195
3.0062
2.9928
2.9794
2.9659
2.9525
2.9389
2.9254
2.9118
2.8981
2.8845
2.8708
2.857
2.8432
2.8294
2.8156
2.8017
2.7878
2.7739
2.7599
2.7459
2.7319
2.7179
2.7038
2.6897
2.6756
2.6614
2.6472
2.6331
2.6188
2.6046
2.5903
2.5761
2.5618
2.5474
2.5331
2.5188
2.5044
2.49
2.4756
2.4612
2.4468
2.4323
2.4179
2.4034
2.3889
2.3744
2.3599
2.3454
2.3309
2.3164
2.3019
2.2873
2.2728
2.2583
2.2437
2.2292
2.2146
2.2001
2.1855
2.1709
2.1564
2.1418
2.1273
2.1127
2.0982
2.0836
2.0691
2.0546
2.04
2.0255
2.011
1.9965
1.982
1.9675
1.953
1.9385
1.9241
1.9096
1.8952
1.8808
1.8664
1.852
1.8376
1.8233
1.8089
1.7946
1.7803
1.766
1.7518
1.7375
1.7233
1.7091
1.6949
1.6808
1.6667
1.6526
1.6385
1.6244
1.6104
1.5964
1.5824
1.5684
1.5545
1.5405
1.5266
1.5128
1.4989
1.485
1.4712
1.4574
1.4436
1.4298
1.4161
1.4023
1.3886
1.3749
1.3612
1.3475
1.3339
1.3202
1.3066
1.293
1.2794
1.2658
1.2522
1.2387
1.2251
1.2116
1.198
1.1845
1.171
1.1575
1.144
1.1305
1.117
1.1036
1.0901
1.0767
1.0632
1.0498
1.0364
1.023
1.0095
0.99612
0.98272
0.96932
0.95592
0.94253
0.92914
0.91575
0.90237
0.88898
0.8756
0.86223
0.84885
0.83547
0.82209
0.80872
0.79534
0.78196
0.76858
0.7552
0.74182
0.72843
0.71505
0.70165
0.68826
0.67486
0.66146
0.64805
0.63464
0.62122
0.60779
0.59436
0.58092
0.56748
0.55403
0.54057
0.5271
0.51362
0.50014
0.48664
0.47314
0.45962
0.4461
0.43256
0.41901
0.40546
0.39188
0.3783
0.3647
0.35109
0.33747
0.32383
0.31018
0.29651
0.28283
0.26913
0.25542
0.24169
0.22794
0.21418
0.2004
0.1866
0.17278
0.15894
0.14509
0.13122
0.11733
0.10342
0.089501
0.075562
0.061609
0.04764
0.033657
0.019659
0.0056472
-0.0083778
-0.022416
-0.036467
-0.05053
-0.064604
-0.07869
-0.092787
-0.10689
-0.12101
-0.13514
-0.14928
-0.16342
-0.17757
-0.19174
-0.20591
-0.22008
-0.23427
-0.24845
-0.26265
-0.27685
-0.29106
-0.30527
-0.31948
-0.3337
-0.34792
-0.36215
-0.37637
-0.3906
-0.40484
-0.41907
-0.4333
-0.44753
-0.46177
-0.476
-0.49023
-0.50447
-0.5187
-0.53292
-0.54715
-0.56137
-0.57559
-0.5898
-0.60402
-0.61822
-0.63242
-0.64662
-0.66081
-0.67499
-0.68917
-0.70334
-0.7175
-0.73166
-0.7458
-0.75994
-0.77407
-0.78819
-0.8023
-0.81639
-0.83048
-0.84456
-0.85862
-0.87267
-0.88671
-0.90074
-0.91475
-0.92875
-0.94274
-0.95671
-0.97066
-0.9846
-0.99852
-1.0124
-1.0263
-1.0402
-1.0541
-1.0679
-1.0817
-1.0955
-1.1093
-1.1231
-1.1368
-1.1505
-1.1642
-1.1779
-1.1916
-1.2052
-1.2188
-1.2324
-1.246
-1.2595
-1.273
-1.2865
-1.3
-1.3134
-1.3268
-1.3402
-1.3536
-1.3669
-1.3802
-1.3935
-1.4068
-1.42
-1.4332
-1.4464
-1.4595
-1.4726
-1.4857
-1.4988
-1.5119
-1.5249
-1.5379
-1.5509
-1.5638
-1.5768
-1.5897
-1.6026
-1.6155
-1.6284
-1.6412
-1.654
-1.6668
-1.6796
-1.6924
-1.7052
-1.7179
-1.7306
-1.7433
-1.756
-1.7687
-1.7814
-1.794
-1.8067
-1.8193
-1.8319
-1.8445
-1.8571
-1.8697
-1.8823
-1.8949
-1.9074
-1.92
-1.9325
-1.945
-1.9576
-1.9701
-1.9826
-1.9951
-2.0076
-2.0201
-2.0326
-2.0451
-2.0576
-2.0701
-2.0826
-2.095
-2.1075
-2.12
-2.1325
-2.1449
-2.1574
-2.1699
-2.1824
-2.1949
-2.2073
-2.2198
-2.2323
-2.2448
-2.2573
-2.2698
-2.2823
-2.2948
-2.3073
-2.3199
-2.3324
-2.3449
-2.3575
-2.37
-2.3826
-2.3952
-2.4077
-2.4203
-2.4329
-2.4456
-2.4582
-2.4708
-2.4835
-2.4961
-2.5088
-2.5215
-2.5342
-2.5469
-2.5596
-2.5724
-2.5852
-2.5979
-2.6107
-2.6236
-2.6364
-2.6493
-2.6621
-2.675
-2.6879
-2.7009
-2.7138
-2.7268
-2.7398
-2.7528
-2.7659
-2.7789
-2.792
-2.8051
-2.8183
-2.8314
-2.8446
-2.8578
-2.871
-2.8843
-2.8976
-2.9109
-2.9242
-2.9376
-2.9509
-2.9643
-2.9778
-2.9912
-3.0047
-3.0182
-3.0317
-3.0452
-3.0588
-3.0724
-3.086
-3.0997
-3.1134
-3.127
-3.1408
-3.1545
-3.1683
-3.1821
-3.1959
-3.2097
-3.2236
-3.2375
-3.2514
-3.2654
-3.2793
-3.2933
-3.3073
-3.3214
-3.3355
-3.3496
-3.3637
-3.3778
-3.392
-3.4062
-3.4204
-3.4347
-3.4489
-3.4632
-3.4776
-3.4919
-3.5063
-3.5207
-3.5351
-3.5496
-3.564
-3.5786
-3.5931
-3.6076
-3.6222
-3.6368
-3.6515
-3.6661
-3.6808
-3.6955
-3.7103
-3.7251
-3.7398
-3.7547
-3.7695
-3.7844
-3.7993
-3.8142
-3.8292
-3.8442
-3.8592
-3.8742
-3.8893
-3.9043
-3.9195
-3.9346
-3.9498
-3.965
-3.9802
-3.9954
-4.0107
-4.026
-4.0413
-4.0567
-4.0721
-4.0875
-4.1029
-4.1184
-4.1339
-4.1494
-4.165
-4.1806
-4.1962
-4.2118
-4.2274
-4.2431
-4.2589
-4.2746
-4.2904
-4.3062
-4.322
-4.3378
-4.3537
-4.3696
-4.3856
-4.4015
-4.4175
-4.4336
-4.4496
-4.4657
-4.4817
-4.4978
-4.514
-4.5301
-4.5462
-4.5624
-4.5786
-4.5947
-4.6109
-4.6271
-4.6433
-4.6595
-4.6757
-4.6919
-4.7081
-4.7243
-4.7404
-4.7566
-4.7728
-4.7889
-4.8051
-4.8212
-4.8373
-4.8534
-4.8695
-4.8855
-4.9015
-4.9176
-4.9335
-4.9495
-4.9654
-4.9813
-4.9972
-5.013
-5.0288
-5.0446
-5.0603
-5.076
-5.0916
-5.1072
-5.1227
-5.1383
-5.1537
-5.1691
-5.1845
-5.1998
-5.215
-5.2302
-5.2454
-5.2604
-5.2754
-5.2904
-5.3053
-5.3201
-5.3349
-5.3496
-5.3642
-5.3787
-5.3932
-5.4076
-5.4219
-5.4361
-5.4503
-5.4644
-5.4784
-5.4923
-5.5061
-5.5198
-5.5335
-5.547
-5.5605
-5.5739
-5.5871
-5.6003
-5.6134
-5.6263
-5.6392
-5.652
-5.6646
-5.6772
-5.6896
-5.7019
-5.7142
-5.7263
-5.7382
-5.7501
-5.7619
-5.7735
-5.785
-5.7964
-5.8076
-5.8188
-5.8298
-5.8406
-5.8514
-5.862
-5.8725
-5.8828
-5.893
-5.9031
-5.913
-5.9227
-5.9324
-5.9418
-5.9512
-5.9604
-5.9694
-5.9783
-5.987
-5.9956
-6.0041
-6.0124
-6.0205
-6.0286
-6.0364
-6.0442
-6.0518
-6.0593
-6.0666
-6.0738
-6.0809
-6.0879
-6.0947
-6.1014
-6.1079
-6.1144
-6.1207
-6.1269
-6.133
-6.139
-6.1448
-6.1506
-6.1562
-6.1617
-6.1671
-6.1724
-6.1775
-6.1826
-6.1876
-6.1924
-6.1972
-6.2019
-6.2064
-6.2109
-6.2152
-6.2195
-6.2237
-6.2277
-6.2317
-6.2356
-6.2394
-6.2431
-6.2468
-6.2503
-6.2538
-6.2571
-6.2604
-6.2637
-6.2668
-6.2699
-6.2728
-6.2758
-6.2786
-6.2814
-6.2841
-6.2867
-6.2893
-6.2918
-6.2942
-6.2966
-6.2989
-6.3011
-6.3033
-6.3054
-6.3075
-6.3095
-6.3115
-6.3134
-6.3153
-6.3171
-6.3189
-6.3206
-6.3223
-6.3239
-6.3255
-6.3271
-6.3286
-6.33
-6.3315
-6.3329
-6.3342
-6.3356
-6.3369
-6.3382
-6.3394
-6.3406
-6.3418
-6.343
-6.3441
-6.3452
-6.3464
-6.3474
-6.3485
-6.3496
-6.3506
-6.3516
-6.3526
-6.3536
-6.3546
-6.3556
-6.3566
-6.3575
-6.3585
-6.3595
-6.3604
-6.3614
-6.3624
-6.3633
-6.3643
-6.3653
-6.3663
-6.3672
-6.3682
-6.3692
-6.3702
-6.3712
-6.3721
-6.3731
-6.3741
-6.3751
-6.3761
-6.3771
-6.378
-6.379
-6.38
-6.381
-6.382
-6.3829
-6.3839
-6.3849
-6.3859
-6.3868
-6.3878
-6.3888
-6.3898
-6.3907
-6.3917
-6.3927
-6.3936
-6.3946
-6.3955
-6.3965
-6.3974
-6.3984
-6.3993
-6.4002
-6.4012
-6.4021
-6.403
-6.404
-6.4049
-6.4058
-6.4067
-6.4076
-6.4085
-6.4094
-6.4103
-6.4111
-6.412
-6.4129
-6.4137
-6.4146
-6.4155
-6.4163
-6.4171
-6.418
-6.4188
-6.4196
-6.4204
-6.4212
-6.422
-6.4228
-6.4236
-6.4243
-6.4251
-6.4259
-6.4266
-6.4273
-6.4281
-6.4288
-6.4295
-6.4302
-6.4309
-6.4316
-6.4322
-6.4329
-6.4336
-6.4342
-6.4348
-6.4355
-6.4361
-6.4367
-6.4373
-6.4378
-6.4384
-6.439
-6.4395
-6.44
-6.4405
-6.4411
-6.4416
-6.442
-6.4425
-6.443
-6.4434
-6.4438
-6.4443
-6.4447
-6.4451
-6.4454
-6.4458
-6.4462
-6.4465
-6.4468
-6.4471
-6.4474
-6.4477
-6.448
-6.4482
-6.4485
-6.4487
-6.4489
-6.4491
-6.4493
-6.4494
-6.4496
-6.4497
-6.4498
-6.4499
-6.45
-6.4501
-6.4501
-6.4502
-6.4502
-6.4502
-6.4502
-6.4502
-6.4502
-6.4501
-6.4501
-6.45
-6.4499
-6.4498
-6.4497
-6.4495
-6.4494
-6.4492
-6.449
-6.4488
-6.4486
-6.4484
-6.4481
-6.4479
-6.4476
-6.4473
-6.447
-6.4467
-6.4463
-6.446
-6.4456
-6.4452
-6.4448
-6.4444
-6.444
-6.4436
-6.4431
-6.4426
-6.4421
-6.4416
-6.4411
-6.4406
-6.44
-6.4395
-6.4389
-6.4383
-6.4377
-6.437
-6.4364
-6.4357
-6.4351
-6.4344
-6.4337
-6.4329
-6.4322
-6.4315
-6.4307
-6.4299
-6.4291
-6.4283
-6.4275
-6.4266
-6.4257
-6.4249
-6.424
-6.4231
-6.4221
-6.4212
-6.4202
-6.4193
-6.4183
-6.4173
-6.4162
-6.4152
-6.4142
-6.4131
-6.412
-6.4109
-6.4098
-6.4086
-6.4075
-6.4063
-6.4052
-6.404
-6.4027
-6.4015
-6.4003
-6.399
-6.3977
-6.3964
-6.3951
-6.3938
-6.3925
-6.3911
-6.3897
-6.3883
-6.3869
-6.3855
-6.3841
-6.3826
-6.3812
-6.3797
-6.3782
-6.3767
-6.3751
-6.3736
-6.372
-6.3704
-6.3689
-6.3673
-6.3656
-6.364
-6.3624
-6.3607
-6.359
-6.3574
-6.3557
-6.354
-6.3523
-6.3505
-6.3488
-6.347
-6.3453
-6.3435
-6.3417
-6.34
-6.3382
-6.3363
-6.3345
-6.3327
-6.3309
-6.329
-6.3272
-6.3253
-6.3235
-6.3216
-6.3197
-6.3178
-6.3159
-6.314
-6.3121
-6.3102
-6.3083
-6.3064
-6.3044
-6.3025
-6.3005
-6.2986
-6.2967
-6.2947
-6.2927
-6.2908
-6.2888
-6.2869
-6.2849
-6.2829
-6.2809
-6.279
-6.277
-6.275
-6.273
-6.2711
-6.2691
-6.2671
-6.2651
-6.2631
-6.2611
-6.2592
-6.2572
-6.2552
-6.2532
-6.2512
-6.2493
-6.2473
-6.2453
-6.2433
-6.2414
-6.2394
-6.2374
-6.2355
-6.2335
-6.2316
-6.2296
-6.2277
-6.2257
-6.2238
-6.2219
-6.2199
-6.218
-6.2161
-6.2142
-6.2123
-6.2104
-6.2085
-6.2066
-6.2047
-6.2029
-6.201
-6.1992
-6.1973
-6.1955
-6.1936
-6.1918
-6.19
-6.1882
-6.1864
-6.1846
-6.1829
-6.1811
-6.1794
-6.1776
-6.1759
-6.1742
-6.1725
-6.1708
-6.1691
-6.1674
-6.1657
-6.1641
-6.1624
-6.1608
-6.1591
-6.1575
-6.1559
-6.1543
-6.1527
-6.1511
-6.1496
-6.148
-6.1465
-6.1449
-6.1434
-6.1419
-6.1403
-6.1388
-6.1373
-6.1359
-6.1344
-6.1329
-6.1314
-6.13
-6.1286
-6.1271
-6.1257
-6.1243
-6.1229
-6.1215
-6.1201
-6.1187
-6.1173
-6.1159
-6.1146
-6.1132
-6.1119
-6.1105
-6.1092
-6.1079
-6.1066
-6.1053
-6.104
-6.1027
-6.1014
-6.1001
-6.0989
-6.0976
-6.0963
-6.0951
-6.0939
-6.0926
-6.0914
-6.0902
-6.089
-6.0878
-6.0866
-6.0854
-6.0842
-6.083
-6.0818
-6.0807
-6.0795
-6.0784
-6.0772
-6.0761
-6.075
-6.0738
-6.0727
-6.0716
-6.0705
-6.0694
-6.0683
-6.0672
-6.0661
-6.065
-6.0639
-6.0629
-6.0618
-6.0608
-6.0597
-6.0587
-6.0576
-6.0566
-6.0555
-6.0545
-6.0535
-6.0525
-6.0515
-6.0505
-6.0494
-6.0484
-6.0475
-6.0465
-6.0455
-6.0445
-6.0435
-6.0426
-6.0416
-6.0406
-6.0397
-6.0387
-6.0378
-6.0368
-6.0359
-6.0349
-6.034
-6.0331
-6.0321
-6.0312
-6.0303
-6.0294
-6.0285
-6.0276
-6.0267
-6.0258
-6.0249
-6.024
-6.0231
-6.0222
-6.0214
-6.0205
-6.0196
-6.0188
-6.0179
-6.0171
-6.0162
-6.0154
-6.0145
-6.0137
-6.0129
-6.0121
-6.0113
-6.0105
-6.0097
-6.0089
-6.0081
-6.0073
-6.0065
-6.0057
-6.005
-6.0042
-6.0034
-6.0027
-6.0019
-6.0012
-6.0005
-5.9997
-5.999
-5.9983
-5.9976
-5.9969
-5.9962
-5.9955
-5.9948
-5.9941
-5.9935
-5.9928
-5.9921
-5.9915
-5.9908
-5.9902
-5.9896
-5.9889
-5.9883
-5.9877
-5.9871
-5.9865
-5.9859
-5.9853
-5.9847
-5.9842
-5.9836
-5.9831
-5.9825
-5.982
-5.9814
-5.9809
-5.9804
-5.9799
-5.9794
-5.9789
-5.9784
-5.9779
-5.9774
-5.977
-5.9765
-5.9761
-5.9756
-5.9752
-5.9747
-5.9743
-5.9739
-5.9735
-5.9731
-5.9727
-5.9724
-5.972
-5.9716
-5.9713
-5.9709
-5.9706
-5.9703
-5.9699
-5.9696
-5.9693
-5.969
-5.9688
-5.9685
-5.9682
-5.968
-5.9677
-5.9675
-5.9672
-5.967
-5.9668
-5.9666
-5.9664
-5.9662
-5.966
-5.9658
-5.9657
-5.9655
-5.9653
-5.9652
-5.965
-5.9649
-5.9647
-5.9646
-5.9644
-5.9643
-5.9642
-5.964
-5.9639
-5.9637
-5.9636
-5.9635
-5.9633
-5.9632
-5.963
-5.9629
-5.9627
-5.9625
-5.9624
-5.9622
-5.962
-5.9619
-5.9617
-5.9615
-5.9613
-5.9611
-5.9608
-5.9606
-5.9604
-5.9601
-5.9599
-5.9596
-5.9593
-5.959
-5.9587
-5.9584
-5.9581
-5.9578
-5.9574
-5.957
-5.9567
-5.9563
-5.9558
-5.9554
-5.955
-5.9545
-5.954
-5.9535
-5.953
-5.9525
-5.9519
-5.9513
-5.9507
-5.9501
-5.9495
-5.9488
-5.9481
-5.9474
-5.9467
-5.946
-5.9452
-5.9444
-5.9435
-5.9427
-5.9418
-5.9409
-5.94
-5.939
-5.938
-5.937
-5.936
-5.9349
-5.9338
-5.9327
-5.9315
-5.9303
-5.9291
-5.9278
-5.9265
-5.9252
-5.9238
-5.9225
-5.921
-5.9196
-5.9181
-5.9165
-5.915
-5.9134
-5.9117
-5.91
-5.9083
-5.9066
-5.9048
-5.9029
-5.9011
-5.8991
-5.8972
-5.8952
-5.8932
-5.8911
-5.8889
-5.8868
-5.8846
-5.8823
-5.88
-5.8777
-5.8753
-5.8729
-5.8704
-5.8679
-5.8654
-5.8628
-5.8601
-5.8575
-5.8547
-5.852
-5.8492
-5.8463
-5.8434
-5.8405
-5.8375
-5.8345
-5.8314
-5.8283
-5.8252
-5.822
-5.8188
-5.8155
-5.8122
-5.8088
-5.8054
-5.802
-5.7985
-5.795
-5.7914
-5.7878
-5.7841
-5.7804
-5.7767
-5.7729
-5.7691
-5.7652
-5.7613
-5.7574
-5.7534
-5.7493
-5.7453
-5.7411
-5.737
-5.7328
-5.7285
-5.7242
-5.7199
-5.7155
-5.7111
-5.7066
-5.7021
-5.6976
-5.693
-5.6884
-5.6837
-5.679
-5.6742
-5.6694
-5.6646
-5.6597
-5.6548
-5.6498
-5.6448
-5.6398
-5.6347
-5.6295
-5.6243
-5.6191
-5.6139
-5.6085
-5.6032
-5.5978
-5.5924
-5.5869
-5.5814
-5.5758
-5.5702
-5.5646
-5.5589
-5.5531
-5.5474
-5.5416
-5.5357
-5.5298
-5.5239
-5.5179
-5.5118
-5.5058
-5.4997
-5.4935
-5.4873
-5.4811
-5.4748
-5.4685
-5.4621
-5.4557
-5.4493
-5.4428
-5.4362
-5.4297
-5.423
-5.4164
-5.4097
-5.4029
-5.3961
-5.3893
-5.3825
-5.3755
-5.3686
-5.3616
-5.3546
-5.3475
-5.3404
-5.3332
-5.326
-5.3188
-5.3115
-5.3042
-5.2969
-5.2895
-5.2821
-5.2746
-5.2672
-5.2596
-5.2521
-5.2445
-5.2368
-5.2292
-5.2215
-5.2138
-5.206
-5.1982
-5.1904
-5.1825
-5.1746
-5.1667
-5.1587
-5.1507
-5.1427
-5.1347
-5.1266
-5.1185
-5.1103
-5.1022
-5.094
-5.0858
-5.0775
-5.0692
-5.0609
-5.0526
-5.0442
-5.0359
-5.0274
-5.019
-5.0106
-5.0021
-4.9936
-4.985
-4.9765
-4.9679
-4.9593
-4.9507
-4.942
-4.9333
-4.9247
-4.9159
-4.9072
-4.8985
-4.8897
-4.8809
-4.8721
-4.8633
-4.8544
-4.8455
-4.8366
-4.8277
-4.8188
-4.8099
-4.8009
-4.792
-4.783
-4.774
-4.7649
-4.7559
-4.7469
-4.7378
-4.7287
-4.7196
-4.7105
-4.7014
-4.6923
-4.6831
-4.674
-4.6648
-4.6557
-4.6465
-4.6373
-4.6281
-4.6188
-4.6096
-4.6004
-4.5911
-4.5819
-4.5726
-4.5634
-4.5541
-4.5448
-4.5355
-4.5262
-4.5169
-4.5076
-4.4983
-4.489
-4.4797
-4.4703
-4.461
-4.4517
-4.4423
-4.433
-4.4237
-4.4143
-4.405
-4.3956
-4.3862
-4.3769
-4.3675
-4.3582
-4.3488
-4.3394
-4.33
-4.3207
-4.3113
-4.3019
-4.2925
-4.2831
-4.2737
-4.2644
-4.255
-4.2456
-4.2362
-4.2268
-4.2174
-4.208
-4.1986
-4.1892
-4.1798
-4.1704
-4.161
-4.1516
-4.1422
-4.1328
-4.1234
-4.114
-4.1046
-4.0952
-4.0858
-4.0764
-4.067
-4.0576
-4.0481
-4.0387
-4.0293
-4.0199
-4.0105
-4.0011
-3.9917
-3.9824
-3.973
-3.9636
-3.9542
-3.9448
-3.9354
-3.926
-3.9166
-3.9072
-3.8978
-3.8885
-3.8791
-3.8697
-3.8603
-3.851
-3.8416
-3.8322
-3.8229
-3.8135
-3.8042
-3.7948
-3.7855
-3.7761
-3.7668
-3.7574
-3.7481
-3.7388
-3.7294
-3.7201
-3.7108
-3.7015
-3.6922
-3.6829
-3.6736
-3.6643
-3.655
-3.6457
-3.6364
-3.6271
-3.6178
-3.6086
-3.5993
-3.59
-3.5808
-3.5715
-3.5623
-3.5531
-3.5438
-3.5346
-3.5254
-3.5162
-3.507
-3.4978
-3.4886
-3.4794
-3.4702
-3.461
-3.4519
-3.4427
-3.4336
-3.4244
-3.4153
-3.4061
-3.397
-3.3879
-3.3788
-3.3696
-3.3605
-3.3514
-3.3422
-3.3331
-3.3239
-3.3148
-3.3056
-3.2964
-3.2873
-3.2781
-3.2688
-3.2596
-3.2504
-3.2411
-3.2319
-3.2226
-3.2133
-3.2039
-3.1946
-3.1852
-3.1758
-3.1664
-3.1569
-3.1474
-3.1379
-3.1284
-3.1188
-3.1092
-3.0996
-3.0899
-3.0802
-3.0704
-3.0606
-3.0508
-3.041
-3.031
-3.0211
-3.0111
-3.0011
-2.991
-2.9808
-2.9707
-2.9604
-2.9501
-2.9398
-2.9294
-2.919
-2.9085
-2.8979
-2.8873
-2.8767
-2.8659
-2.8551
-2.8443
-2.8334
-2.8224
-2.8113
-2.8002
-2.789
-2.7778
-2.7664
-2.7551
-2.7436
-2.732
-2.7204
-2.7087
-2.697
-2.6851
-2.6732
-2.6612
-2.6491
-2.6369
-2.6246
-2.6123
-2.5999
-2.5874
-2.5747
-2.562
-2.5493
-2.5364
-2.5234
-2.5103
-2.4972
-2.4839
-2.4705
-2.4571
-2.4435
-2.4299
-2.4161
-2.4022
-2.3882
-2.3742
-2.36
-2.3457
-2.3313
-2.3168
-2.3021
-2.2874
-2.2725
-2.2576
-2.2425
-2.2273
-2.212
-2.1965
-2.1809
-2.1653
-2.1494
-2.1335
-2.1174
-2.1013
-2.0849
-2.0685
-2.0519
-2.0352
-2.0184
-2.0014
-1.9843
-1.9671
-1.9497
-1.9322
-1.9145
-1.8967
-1.8787
-1.8607
-1.8424
-1.8241
-1.8055
-1.7869
-1.7681
-1.7491
-1.73
-1.7107
-1.6913
-1.6717
-1.652
-1.6321
-1.612
-1.5918
-1.5714
-1.5509
-1.5302
-1.5094
-1.4883
-1.4672
-1.4458
-1.4243
-1.4026
-1.3807
-1.3587
-1.3365
-1.3141
-1.2915
-1.2688
-1.2459
-1.2228
-1.1995
-1.1761
-1.1525
-1.1287
-1.1047
-1.0805
-1.0561
-1.0315
-1.0068
-0.98185
-0.95672
-0.93139
-0.90588
-0.88016
-0.85426
-0.82815
-0.80185
-0.77535
-0.74864
-0.72174
-0.69463
-0.66732
-0.6398
-0.61208
-0.58415
-0.55601
-0.52766
-0.49911
-0.47033
-0.44135
-0.41215
-0.38274
-0.3531
-0.32325
-0.29319
-0.2629
-0.23239
-0.20166
-0.1707
-0.13952
-0.10812
-0.076483
-0.044621
-0.012531
0.01979
0.052343
0.085128
0.11815
0.1514
0.18489
0.21862
0.25259
0.28679
0.32124
0.35593
0.39086
0.42604
0.46146
0.49713
