95,65.7756
88,65.7756
84,65.7756
83,67.462
82,67.462
81,67.462
81,67.462
79,67.462
78,67.462
108,67.462
153,67.462
128,67.462
106,67.462
101,67.462
97,67.462
92,67.462
98,67.462
98,67.462
90,67.462
85,67.462
83,67.462
82,74.8031
81,74.8031
80,74.8031
80,74.8031
79,74.8031
77,74.8031
88,74.8031
141,74.8031
140,74.8031
110,74.8031
99,74.8031
97,74.8031
90,74.8031
93,74.8031
99,74.8031
92,74.8031
85,76.277
82,76.277
81,76.277
80,76.277
80,76.277
79,76.277
78,76.277
76,76.277
94,76.277
142,76.277
131,76.277
104,76.277
94,76.277
91,76.277
86,76.277
93,75.6244
97,75.6244
89,75.6244
83,75.6244
81,75.6244
80,75.6244
80,75.6244
79,75.6244
78,75.6244
88,75.6244
135,75.6244
137,75.6244
106,75.6244
96,75.6244
92,75.6244
87,75.6244
94,71.1201
98,71.1201
90,71.1201
83,71.1201
81,71.1201
81,71.1201
80,71.1201
78,71.1201
79,71.1201
115,71.1201
153,71.1201
125,71.1201
107,71.1201
106,71.1201
101,71.1201
94,71.1201
99,71.1201
99,69.9449
92,69.9449
87,69.9449
84,69.9449
84,69.9449
83,69.9449
81,69.9449
82,69.9449
119,69.9449
153,69.9449
124,69.9449
109,69.9449
108,69.9449
101,69.9449
97,69.9449
101,69.9449
100,69.9449
92,74.6573
88,74.6573
86,74.6573
85,74.6573
84,74.6573
83,74.6573
81,74.6573
85,74.6573
127,74.6573
151,74.6573
119,74.6573
106,74.6573
106,74.6573
99,74.6573
97,74.6573
102,74.6573
99,72.2443
91,72.2443
88,72.2443
86,72.2443
86,72.2443
85,72.2443
85,72.2443
83,72.2443
82,72.2443
109,72.2443
149,72.2443
125,72.2443
104,72.2443
100,72.2443
94,72.2443
95,72.2443
103,72.2443
100,67.6773
91,67.6773
88,67.6773
86,67.6773
85,67.6773
85,67.6773
83,67.6773
84,67.6773
118,67.6773
156,67.6773
126,67.6773
109,67.6773
108,67.6773
102,67.6773
98,67.6773
103,67.6773
102,67.6773
93,67.6773
89,66.8689
87,66.8689
86,66.8689
86,66.8689
84,66.8689
83,66.8689
92,66.8689
143,66.8689
147,66.8689
117,66.8689
110,66.8689
110,66.8689
100,66.8689
99,66.8689
104,66.8689
99,66.8689
91,66.8689
88,66.8689
86,73.6214
85,73.6214
85,73.6214
85,73.6214
83,73.6214
82,73.6214
100,73.6214
150,73.6214
136,73.6214
110,73.6214
104,73.6214
104,73.6214
96,73.6214
99,73.6214
101,73.6214
95,73.6214
89,71.0011
87,71.0011
86,71.0011
85,71.0011
85,71.0011
84,71.0011
83,71.0011
81,71.0011
91,71.0011
139,71.0011
138,71.0011
108,71.0011
99,71.0011
95,71.0011
91,71.0011
98,71.0011
102,71.0011
93,68.7495
87,68.7495
85,68.7495
84,68.7495
84,68.7495
83,68.7495
81,68.7495
87,68.7495
135,68.7495
149,68.7495
116,68.7495
105,68.7495
105,68.7495
97,68.7495
97,68.7495
102,68.7495
97,68.7495
90,70.1939
86,70.1939
85,70.1939
85,70.1939
84,70.1939
83,70.1939
81,70.1939
94,70.1939
149,70.1939
144,70.1939
114,70.1939
107,70.1939
107,70.1939
98,70.1939
98,70.1939
103,70.1939
97,70.1939
90,73.6476
86,73.6476
85,73.6476
85,73.6476
84,73.6476
84,73.6476
82,73.6476
82,73.6476
120,73.6476
154,73.6476
124,73.6476
107,73.6476
105,73.6476
99,73.6476
94,73.6476
101,73.6476
100,73.6476
92,69.7572
87,69.7572
86,69.7572
84,69.7572
84,69.7572
84,69.7572
82,69.7572
81,69.7572
103,69.7572
148,69.7572
130,69.7572
104,69.7572
99,69.7572
95,69.7572
92,69.7572
100,69.7572
101,69.7572
91,70.337
86,70.337
85,70.337
84,70.337
84,70.337
83,70.337
81,70.337
96,70.337
148,70.337
140,70.337
111,70.337
105,70.337
104,70.337
95,70.337
98,70.337
101,70.337
94,70.337
88,73.0246
85,73.0246
85,73.0246
84,73.0246
84,73.0246
82,73.0246
80,73.0246
93,73.0246
147,73.0246
145,73.0246
114,73.0246
106,73.0246
107,73.0246
97,73.0246
97,73.0246
101,73.0246
96,79.4665
89,79.4665
86,79.4665
85,79.4665
84,79.4665
84,79.4665
83,79.4665
81,79.4665
89,79.4665
140,79.4665
145,79.4665
113,79.4665
103,79.4665
103,79.4665
94,79.4665
95,80.5344
99,80.5344
95,80.5344
87,80.5344
85,80.5344
84,80.5344
83,80.5344
83,80.5344
82,80.5344
81,80.5344
104,80.5344
146,80.5344
126,80.5344
102,80.5344
97,80.5344
92,83.3066
91,83.3066
99,83.3066
98,83.3066
89,83.3066
85,83.3066
84,83.3066
84,83.3066
82,83.3066
81,83.3066
108,83.3066
151,83.3066
131,83.3066
109,83.3066
106,83.3066
102,82.5572
95,82.5572
99,82.5572
99,82.5572
92,82.5572
87,82.5572
86,82.5572
85,82.5572
83,82.5572
84,82.5572
117,82.5572
152,82.5572
128,82.5572
112,82.5572
111,71.1654
104,71.1654
97,71.1654
101,71.1654
100,71.1654
93,71.1654
89,71.1654
88,71.1654
85,71.1654
83,71.1654
96,71.1654
144,71.1654
144,71.1654
117,71.1654
112,71.1654
110,71.1654
98,71.1654
101,69.6213
103,69.6213
97,69.6213
92,69.6213
89,69.6213
86,69.6213
84,69.6213
85,69.6213
118,69.6213
156,69.6213
129,69.6213
112,69.6213
111,69.6213
102,69.6213
99,69.6213
104,69.6213
101,69.6213
93,75.1888
89,75.1888
87,75.1888
86,75.1888
86,75.1888
85,75.1888
83,75.1888
87,75.1888
133,75.1888
158,75.1888
122,75.1888
108,75.1888
108,75.1888
99,75.1888
98,75.1888
103,75.1888
98,75.6859
88,75.6859
88,75.6859
86,75.6859
86,75.6859
85,75.6859
85,75.6859
83,75.6859
82,75.6859
109,75.6859
153,75.6859
127,75.6859
103,75.6859
99,75.6859
93,75.6859
92,75.6859
100,73.6724
97,73.6724
87,73.6724
86,73.6724
85,73.6724
84,73.6724
84,73.6724
83,73.6724
81,73.6724
111,73.6724
155,73.6724
126,73.6724
104,73.6724
101,73.6724
95,73.6724
92,73.6724
99,73.6724
97,72.1129
88,72.1129
84,72.1129
83,72.1129
83,72.1129
82,72.1129
80,72.1129
83,72.1129
132,72.1129
155,72.1129
120,72.1129
106,72.1129
107,72.1129
99,72.1129
94,72.1129
99,72.1129
97,75.9117
89,75.9117
85,75.9117
83,75.9117
83,75.9117
82,75.9117
81,75.9117
79,75.9117
108,75.9117
155,75.9117
128,75.9117
106,75.9117
103,75.9117
98,75.9117
92,75.9117
97,75.9117
97,76.2412
90,76.2412
84,76.2412
82,76.2412
82,76.2412
81,76.2412
81,76.2412
79,76.2412
81,76.2412
125,76.2412
148,76.2412
115,76.2412
99,76.2412
97,76.2412
90,76.2412
90,76.2412
96,75.4607
93,75.4607
85,75.4607
82,75.4607
82,75.4607
81,75.4607
81,75.4607
79,75.4607
82,75.4607
126,75.4607
146,75.4607
112,75.4607
98,75.4607
94,75.4607
87,75.4607
91,75.4607
98,75.6179
90,75.6179
83,75.6179
81,75.6179
81,75.6179
80,75.6179
79,75.6179
77,75.6179
100,75.6179
152,75.6179
134,75.6179
109,75.6179
103,75.6179
102,75.6179
93,75.6179
95,75.6179
99,76.4002
93,76.4002
87,76.4002
84,76.4002
82,76.4002
81,76.4002
79,76.4002
78,76.4002
102,76.4002
151,76.4002
131,76.4002
107,76.4002
100,76.4002
89,76.4002
79,76.4002
92,80.9785
97,80.9785
85,80.9785
78,80.9785
76,80.9785
77,80.9785
78,80.9785
75,80.9785
71,80.9785
87,80.9785
129,80.9785
105,80.9785
72,80.9785
76,80.9785
76,80.9785
76,79.5665
89,79.5665
94,79.5665
88,79.5665
82,79.5665
78,79.5665
75,79.5665
73,79.5665
71,79.5665
72,79.5665
102,79.5665
135,79.5665
109,79.5665
90,79.5665
87,79.5665
81,77.9824
82,77.9824
90,77.9824
87,77.9824
80,77.9824
77,77.9824
77,77.9824
76,77.9824
74,77.9824
77,77.9824
114,77.9824
135,77.9824
107,77.9824
91,77.9824
88,77.9824
82,74.3764
85,74.3764
90,74.3764
86,74.3764
80,74.3764
78,74.3764
78,74.3764
77,74.3764
76,74.3764
81,74.3764
126,74.3764
138,74.3764
108,74.3764
95,74.3764
96,74.3764
90,74.3764
88,74.3764
91,77.0311
88,77.0311
82,77.0311
80,77.0311
80,77.0311
79,77.0311
79,77.0311
78,77.0311
102,77.0311
142,77.0311
123,77.0311
101,77.0311
96,77.0311
91,77.0311
86,77.0311
89,75.7587
89,75.7587
83,75.7587
80,75.7587
79,75.7587
79,75.7587
79,75.7587
78,75.7587
75,75.7587
91,75.7587
134,75.7587
125,75.7587
95,75.7587
89,75.7587
85,75.7587
83,75.7587
90,74.2148
91,74.2148
85,74.2148
80,74.2148
79,74.2148
79,74.2148
80,74.2148
78,74.2148
79,74.2148
112,74.2148
139,74.2148
113,74.2148
94,74.2148
91,74.2148
84,74.2148
86,74.2148
91,73.2847
89,73.2847
83,73.2847
80,73.2847
80,73.2847
80,73.2847
78,73.2847
77,73.2847
84,73.2847
128,73.2847
138,73.2847
109,73.2847
96,73.2847
94,73.2847
88,73.2847
87,73.2847
90,73.2847
87,77.0426
83,77.0426
81,77.0426
80,77.0426
80,77.0426
79,77.0426
77,77.0426
79,77.0426
119,77.0426
142,77.0426
112,77.0426
95,77.0426
92,77.0426
86,77.0426
85,77.0426
90,76.5394
88,76.5394
83,76.5394
80,76.5394
78,76.5394
79,76.5394
78,76.5394
75,76.5394
75,76.5394
92,76.5394
136,76.5394
125,76.5394
96,76.5394
88,76.5394
85,76.5394
81,76.5394
88,75.1053
90,75.1053
84,75.1053
79,75.1053
79,75.1053
78,75.1053
78,75.1053
76,75.1053
77,75.1053
109,75.1053
139,75.1053
112,75.1053
92,75.1053
86,75.1053
82,75.1053
84,75.1053
91,72.0877
88,72.0877
80,72.0877
78,72.0877
79,72.0877
78,72.0877
76,72.0877
75,72.0877
88,72.0877
137,72.0877
133,72.0877
103,72.0877
93,72.0877
91,72.0877
85,72.0877
86,72.0877
90,75.7796
85,75.7796
80,75.7796
79,75.7796
79,75.7796
78,75.7796
78,75.7796
75,75.7796
87,75.7796
134,75.7796
132,75.7796
103,75.7796
94,75.7796
90,75.7796
84,75.7796
87,75.7796
89,83.103
85,83.103
80,83.103
78,83.103
78,83.103
78,83.103
77,83.103
75,83.103
74,83.103
100,83.103
139,83.103
119,83.103
94,83.103
87,83.103
83,83.103
82,86.0761
88,86.0761
88,86.0761
81,86.0761
78,86.0761
78,86.0761
77,86.0761
76,86.0761
75,86.0761
74,86.0761
95,86.0761
133,86.0761
114,86.0761
89,86.0761
82,86.0155
78,86.0155
80,86.0155
89,86.0155
87,86.0155
79,86.0155
76,86.0155
76,86.0155
76,86.0155
74,86.0155
80,86.0155
123,86.0155
126,86.0155
97,86.0155
82,77.1248
79,77.1248
77,77.1248
86,77.1248
90,77.1248
82,77.1248
76,77.1248
76,77.1248
75,77.1248
74,77.1248
83,77.1248
127,77.1248
130,77.1248
98,77.1248
84,77.1248
81,69.4232
79,69.4232
86,69.4232
91,69.4232
83,69.4232
77,69.4232
77,69.4232
77,69.4232
75,69.4232
91,69.4232
141,69.4232
130,69.4232
102,69.4232
95,69.4232
90,69.4232
86,69.4232
87,69.4232
89,71.2528
84,71.2528
79,71.2528
78,71.2528
77,71.2528
76,71.2528
75,71.2528
79,71.2528
123,71.2528
146,71.2528
115,71.2528
99,71.2528
96,71.2528
88,71.2528
82,71.2528
84,71.2528
85,71.2528
80,73.1067
73,73.1067
81,73.1067
74,73.1067
84,73.1067
92,73.1067
85,73.1067
76,73.1067
109,73.1067
139,73.1067
116,73.1067
95,73.1067
89,73.1067
86,73.1067
90,73.1067
95,73.1067
93,73.1067
87,75.0546
80,75.0546
79,75.0546
79,75.0546
78,75.0546
75,75.0546
73,75.0546
75,75.0546
111,75.0546
146,75.0546
118,75.0546
99,75.0546
95,75.0546
89,75.0546
86,75.0546
89,75.0546
88,81.2119
82,81.2119
77,81.2119
76,81.2119
75,81.2119
75,81.2119
74,81.2119
72,81.2119
86,81.2119
134,81.2119
134,81.2119
104,81.2119
107,81.2119
107,81.2119
107,81.2119
107,83.7043
107,83.7043
107,83.7043
107,83.7043
107,83.7043
107,83.7043
107,83.7043
107,83.7043
107,83.7043
108,83.7043
107,83.7043
107,83.7043
101,83.7043
94,83.7043
94,80.7854
94,80.7854
94,80.7854
94,80.7854
94,80.7854
94,80.7854
94,80.7854
94,80.7854
94,80.7854
94,80.7854
94,80.7854
94,80.7854
94,80.7854
91,80.7854
100,80.7854
106,77.0877
93,77.0877
97,77.0877
97,77.0877
88,77.0877
82,77.0877
80,77.0877
77,77.0877
75,77.0877
84,77.0877
133,77.0877
140,77.0877
108,77.0877
97,77.0877
93,77.0877
87,73.1564
91,73.1564
94,73.1564
87,73.1564
81,73.1564
78,73.1564
77,73.1564
75,73.1564
74,73.1564
92,73.1564
141,73.1564
135,73.1564
103,73.1564
95,73.1564
91,73.1564
85,73.1564
90,73.1564
93,73.4648
86,73.4648
79,73.4648
77,73.4648
76,73.4648
76,73.4648
74,73.4648
76,73.4648
116,73.4648
148,73.4648
115,73.4648
96,73.4648
91,73.4648
83,73.4648
84,73.4648
90,73.4648
88,75.0067
80,75.0067
76,75.0067
75,75.0067
74,75.0067
74,75.0067
73,75.0067
72,75.0067
93,75.0067
142,75.0067
128,75.0067
98,75.0067
89,75.0067
84,75.0067
80,75.0067
85,75.0067
88,79.4863
81,79.4863
75,79.4863
74,79.4863
73,79.4863
73,79.4863
73,79.4863
72,79.4863
77,79.4863
124,79.4863
138,79.4863
104,79.4863
89,79.4863
84,79.4863
77,79.4863
79,80.2261
85,80.2261
82,80.2261
75,80.2261
73,80.2261
72,80.2261
72,80.2261
71,80.2261
70,80.2261
74,80.2261
118,80.2261
135,80.2261
103,80.2261
86,80.2261
81,80.2261
75,82.2682
78,82.2682
85,82.2682
82,82.2682
75,82.2682
72,82.2682
71,82.2682
71,82.2682
70,82.2682
74,82.2682
116,82.2682
137,82.2682
106,82.2682
90,82.2682
85,82.2682
79,82.5474
79,82.5474
84,82.5474
82,82.5474
76,82.5474
73,82.5474
73,82.5474
72,82.5474
70,82.5474
76,82.5474
119,82.5474
136,82.5474
106,82.5474
91,82.5474
86,81.4489
80,81.4489
81,81.4489
85,81.4489
82,81.4489
77,81.4489
74,81.4489
73,81.4489
73,81.4489
71,81.4489
89,81.4489
133,81.4489
126,81.4489
99,81.4489
91,81.4489
85,82.3115
80,82.3115
85,82.3115
87,82.3115
82,82.3115
77,82.3115
75,82.3115
74,82.3115
73,82.3115
75,82.3115
113,82.3115
139,82.3115
112,82.3115
95,82.3115
90,80.115
83,80.115
84,80.115
89,80.115
86,80.115
79,80.115
76,80.115
74,80.115
72,80.115
72,80.115
79,80.115
122,80.115
134,80.115
106,80.115
94,80.115
89,77.4694
83,77.4694
86,77.4694
90,77.4694
86,77.4694
80,77.4694
77,77.4694
74,77.4694
75,77.4694
74,77.4694
92,77.4694
135,77.4694
126,77.4694
100,77.4694
92,77.4694
87,77.4694
84,77.1328
90,77.1328
91,77.1328
84,77.1328
79,77.1328
78,77.1328
78,77.1328
76,77.1328
76,77.1328
108,77.1328
146,77.1328
124,77.1328
103,77.1328
98,77.1328
93,77.1328
88,77.1328
89,76.376
91,76.376
85,76.376
82,76.376
82,76.376
82,76.376
82,76.376
80,76.376
90,76.376
139,76.376
142,76.376
110,76.376
101,76.376
98,76.376
90,76.376
90,79.5925
94,79.5925
90,79.5925
85,79.5925
82,79.5925
82,79.5925
82,79.5925
80,79.5925
79,79.5925
105,79.5925
144,79.5925
125,79.5925
102,79.5925
96,79.5925
90,79.5925
86,78.5144
91,78.5144
92,78.5144
86,78.5144
81,78.5144
79,78.5144
78,78.5144
77,78.5144
76,78.5144
76,78.5144
105,78.5144
139,78.5144
117,78.5144
96,78.5144
93,78.5144
86,78.5144
88,77.6056
96,77.6056
92,77.6056
85,77.6056
83,77.6056
84,77.6056
84,77.6056
82,77.6056
83,77.6056
121,77.6056
151,77.6056
121,77.6056
102,77.6056
98,77.6056
93,77.6056
89,81.0379
94,81.0379
93,81.0379
86,81.0379
82,81.0379
82,81.0379
81,81.0379
81,81.0379
80,81.0379
106,81.0379
149,81.0379
130,81.0379
105,81.0379
100,81.0379
96,81.0379
90,82.6982
92,82.6982
93,82.6982
88,82.6982
83,82.6982
81,82.6982
81,82.6982
81,82.6982
79,82.6982
83,82.6982
129,82.6982
146,82.6982
112,82.6982
98,82.6982
95,80.0078
87,80.0078
89,80.0078
96,80.0078
91,80.0078
84,80.0078
81,80.0078
81,80.0078
81,80.0078
79,80.0078
85,80.0078
131,80.0078
143,80.0078
108,80.0078
95,80.0078
90,75.0691
85,75.0691
92,75.0691
97,75.0691
89,75.0691
82,75.0691
82,75.0691
82,75.0691
80,75.0691
81,75.0691
118,75.0691
153,75.0691
123,75.0691
104,75.0691
101,75.0691
95,75.0691
91,71.9239
96,71.9239
95,71.9239
88,71.9239
84,71.9239
84,71.9239
83,71.9239
82,71.9239
83,71.9239
123,71.9239
155,71.9239
124,71.9239
108,71.9239
108,71.9239
101,71.9239
95,71.9239
98,71.9239
97,79.3547
91,79.3547
85,79.3547
84,79.3547
85,79.3547
85,79.3547
82,79.3547
83,79.3547
120,79.3547
154,79.3547
125,79.3547
106,79.3547
105,79.3547
99,79.3547
94,79.3547
98,78.9844
97,78.9844
90,78.9844
85,78.9844
83,78.9844
83,78.9844
83,78.9844
82,78.9844
80,78.9844
83,78.9844
123,78.9844
148,78.9844
115,78.9844
97,78.9844
95,78.9844
89,79.1486
93,79.1486
100,79.1486
93,79.1486
86,79.1486
83,79.1486
84,79.1486
83,79.1486
82,79.1486
83,79.1486
119,79.1486
151,79.1486
121,79.1486
102,79.1486
99,79.1486
92,79.1486
92,82.8479
97,82.8479
94,82.8479
86,82.8479
84,82.8479
83,82.8479
84,82.8479
81,82.8479
83,82.8479
121,82.8479
155,82.8479
126,82.8479
108,82.8479
105,82.8479
98,84.5885
93,84.5885
97,84.5885
96,84.5885
89,84.5885
85,84.5885
84,84.5885
84,84.5885
82,84.5885
82,84.5885
109,84.5885
151,84.5885
132,84.5885
107,84.5885
105,77.2485
100,77.2485
93,77.2485
96,77.2485
97,77.2485
90,77.2485
85,77.2485
84,77.2485
83,77.2485
82,77.2485
89,77.2485
134,77.2485
149,77.2485
116,77.2485
104,77.2485
103,77.2485
94,73.9537
94,73.9537
98,73.9537
93,73.9537
87,73.9537
84,73.9537
83,73.9537
82,73.9537
86,73.9537
123,73.9537
151,73.9537
121,73.9537
105,73.9537
103,73.9537
95,73.9537
94,73.9537
98,73.109
94,73.109
87,73.109
84,73.109
84,73.109
84,73.109
82,73.109
81,73.109
96,73.109
145,73.109
140,73.109
107,73.109
101,73.109
98,73.109
91,73.109
96,73.109
98,69.3822
90,69.3822
85,69.3822
83,69.3822
83,69.3822
83,69.3822
83,69.3822
81,69.3822
87,69.3822
134,69.3822
147,69.3822
111,69.3822
98,69.3822
95,69.3822
90,69.3822
94,69.3822
97,69.3822
91,69.3822
84,64.3185
83,64.3185
83,64.3185
83,64.3185
82,64.3185
80,64.3185
82,64.3185
123,64.3185
155,64.3185
122,64.3185
103,64.3185
102,64.3185
97,64.3185
92,64.3185
95,64.3185
94,64.3185
87,64.3185
83,64.3185
82,65.1165
82,65.1165
82,65.1165
82,65.1165
80,65.1165
79,65.1165
103,65.1165
149,65.1165
132,65.1165
103,65.1165
97,65.1165
95,65.1165
90,65.1165
93,65.1165
94,65.1165
88,65.1165
83,65.1165
81,65.1165
81,65.1165
81,70.2691
80,70.2691
79,70.2691
79,70.2691
77,70.2691
77,70.2691
116,70.2691
150,70.2691
118,70.2691
97,70.2691
94,70.2691
89,70.2691
88,70.2691
93,70.2691
92,70.2691
85,70.2691
80,70.2691
78,69.1075
79,69.1075
78,69.1075
79,69.1075
77,69.1075
76,69.1075
74,69.1075
83,69.1075
132,69.1075
137,69.1075
102,69.1075
89,69.1075
85,69.1075
82,69.1075
88,69.1075
94,69.1075
87,69.1075
80,67.3243
78,67.3243
78,67.3243
77,67.3243
77,67.3243
77,67.3243
75,67.3243
84,67.3243
132,67.3243
139,67.3243
106,67.3243
93,67.3243
90,67.3243
85,67.3243
87,67.3243
91,67.3243
88,67.3243
80,67.3243
78,64.3142
78,64.3142
77,64.3142
77,64.3142
77,64.3142
75,64.3142
77,64.3142
120,64.3142
147,64.3142
116,64.3142
98,64.3142
95,64.3142
91,64.3142
87,64.3142
91,64.3142
91,64.3142
85,64.3142
80,64.3142
78,64.3142
78,66.2455
78,66.2455
77,66.2455
77,66.2455
75,66.2455
80,66.2455
126,66.2455
144,66.2455
111,66.2455
97,66.2455
95,66.2455
89,66.2455
88,66.2455
92,66.2455
91,66.2455
84,66.2455
80,66.2455
78,66.2455
78,71.3658
78,71.3658
78,71.3658
77,71.3658
76,71.3658
75,71.3658
90,71.3658
138,71.3658
134,71.3658
104,71.3658
94,71.3658
92,71.3658
86,71.3658
89,71.3658
93,71.3658
88,71.3658
82,71.3658
79,68.9887
78,68.9887
77,68.9887
77,68.9887
77,68.9887
77,68.9887
75,68.9887
79,68.9887
123,68.9887
139,68.9887
106,68.9887
91,68.9887
88,68.9887
83,68.9887
87,68.9887
94,68.9887
89,68.9887
81,65.8305
78,65.8305
78,65.8305
78,65.8305
78,65.8305
77,65.8305
76,65.8305
92,65.8305
138,65.8305
134,65.8305
104,65.8305
95,65.8305
94,65.8305
89,65.8305
90,65.8305
93,65.8305
88,65.8305
82,65.8305
80,64.4396
78,64.4396
78,64.4396
78,64.4396
78,64.4396
76,64.4396
82,64.4396
128,64.4396
145,64.4396
113,64.4396
101,64.4396
100,64.4396
93,64.4396
91,64.4396
95,64.4396
93,64.4396
86,64.4396
82,64.4396
80,64.4396
80,69.9215
79,69.9215
79,69.9215
79,69.9215
77,69.9215
78,69.9215
115,69.9215
147,69.9215
120,69.9215
101,69.9215
99,69.9215
95,69.9215
91,69.9215
94,69.9215
94,69.9215
88,69.9215
83,69.9215
80,69.429
80,69.429
80,69.429
79,69.429
79,69.429
79,69.429
77,69.429
82,69.429
126,69.429
142,69.429
109,69.429
95,69.429
94,69.429
89,69.429
90,69.429
96,69.429
92,69.429
85,65.3879
81,65.3879
80,65.3879
80,65.3879
80,65.3879
80,65.3879
78,65.3879
80,65.3879
118,65.3879
145,65.3879
116,65.3879
98,65.3879
96,65.3879
91,65.3879
91,65.3879
96,65.3879
93,65.3879
85,65.3879
82,65.3879
81,63.3435
81,63.3435
80,63.3435
80,63.3435
79,63.3435
79,63.3435
116,63.3435
151,63.3435
124,63.3435
105,63.3435
104,63.3435
101,63.3435
95,63.3435
97,63.3435
97,63.3435
90,63.3435
85,63.3435
84,63.3435
83,63.3435
82,67.2178
82,67.2178
82,67.2178
80,67.2178
79,67.2178
96,67.2178
143,67.2178
138,67.2178
110,67.2178
103,67.2178
104,67.2178
96,67.2178
96,67.2178
99,67.2178
94,67.2178
88,67.2178
84,67.2178
84,64.6582
83,64.6582
82,64.6582
83,64.6582
82,64.6582
81,64.6582
79,64.6582
91,64.6582
140,64.6582
139,64.6582
106,64.6582
99,64.6582
98,64.6582
93,64.6582
96,64.6582
99,64.6582
93,64.6582
87,64.6582
84,64.6582
83,62.9813
83,62.9813
83,62.9813
83,62.9813
82,62.9813
80,62.9813
98,62.9813
143,62.9813
134,62.9813
105,62.9813
100,62.9813
99,62.9813
95,62.9813
97,62.9813
99,62.9813
92,62.9813
85,62.9813
84,62.9813
84,62.9813
83,63.5233
82,63.5233
82,63.5233
82,63.5233
80,63.5233
84,63.5233
130,63.5233
149,63.5233
116,63.5233
103,63.5233
105,63.5233
100,63.5233
96,63.5233
99,63.5233
97,63.5233
88,63.5233
85,63.5233
85,63.5233
84,63.5233
83,69.1479
82,69.1479
82,69.1479
81,69.1479
79,69.1479
82,69.1479
126,69.1479
151,69.1479
117,69.1479
101,69.1479
102,69.1479
98,69.1479
95,69.1479
98,69.1479
96,69.1479
90,69.1479
85,69.1479
83,68.4067
83,68.4067
82,68.4067
82,68.4067
82,68.4067
81,68.4067
78,68.4067
81,68.4067
122,68.4067
146,68.4067
114,68.4067
97,68.4067
96,68.4067
93,68.4067
93,68.4067
98,68.4067
96,68.4067
88,68.4067
84,63.2662
83,63.2662
83,63.2662
83,63.2662
83,63.2662
81,63.2662
79,63.2662
104,63.2662
147,63.2662
127,63.2662
102,63.2662
97,63.2662
96,63.2662
93,63.2662
99,63.2662
98,63.2662
90,63.2662
85,63.2662
82,63.2662
83,59.7967
84,59.7967
83,59.7967
82,59.7967
80,59.7967
89,59.7967
137,59.7967
146,59.7967
113,59.7967
104,59.7967
106,59.7967
99,59.7967
97,59.7967
100,59.7967
97,59.7967
90,59.7967
86,59.7967
84,59.7967
84,59.7967
84,59.7967
83,64.6314
83,64.6314
82,64.6314
80,64.6314
89,64.6314
139,64.6314
146,64.6314
111,64.6314
103,64.6314
105,64.6314
98,64.6314
97,64.6314
100,64.6314
95,64.6314
89,64.6314
85,64.6314
85,64.6314
84,64.6314
83,66.0914
83,66.0914
82,66.0914
82,66.0914
81,66.0914
79,66.0914
85,66.0914
130,66.0914
148,66.0914
111,66.0914
97,66.0914
98,66.0914
95,66.0914
94,66.0914
98,66.0914
95,66.0914
88,66.0914
84,66.0914
83,66.0914
83,63.1777
83,63.1777
83,63.1777
82,63.1777
80,63.1777
79,63.1777
95,63.1777
144,63.1777
133,63.1777
103,63.1777
95,63.1777
95,63.1777
92,63.1777
95,63.1777
97,63.1777
90,63.1777
86,63.1777
82,63.1777
82,63.1777
82,61.3218
81,61.3218
81,61.3218
80,61.3218
78,61.3218
97,61.3218
145,61.3218
135,61.3218
106,61.3218
100,61.3218
102,61.3218
96,61.3218
95,61.3218
97,61.3218
93,61.3218
87,61.3218
83,61.3218
82,61.3218
82,61.3218
82,64.2276
81,64.2276
81,64.2276
80,64.2276
78,64.2276
94,64.2276
143,64.2276
136,64.2276
106,64.2276
99,64.2276
101,64.2276
95,64.2276
95,64.2276
97,64.2276
92,64.2276
86,64.2276
83,64.2276
82,64.2276
81,64.2276
81,66.5944
81,66.5944
80,66.5944
79,66.5944
78,66.5944
78,66.5944
113,66.5944
147,66.5944
118,66.5944
98,66.5944
96,66.5944
95,66.5944
92,66.5944
96,66.5944
95,66.5944
88,66.5944
83,66.5944
81,66.5944
81,63.0907
80,63.0907
80,63.0907
81,63.0907
79,63.0907
77,63.0907
80,63.0907
119,63.0907
142,63.0907
110,63.0907
94,63.0907
92,63.0907
88,63.0907
90,63.0907
96,63.0907
92,63.0907
84,63.0907
81,63.0907
81,63.0907
80,63.12
80,63.12
80,63.12
79,63.12
77,63.12
84,63.12
131,63.12
143,63.12
110,63.12
99,63.12
101,63.12
96,63.12
93,63.12
95,63.12
93,63.12
87,63.12
83,63.12
81,63.12
81,63.12
80,69.1902
80,69.1902
80,69.1902
79,69.1902
77,69.1902
83,69.1902
128,69.1902
143,69.1902
111,69.1902
95,69.1902
100,69.1902
95,69.1902
92,69.1902
95,69.1902
93,69.1902
86,69.1902
82,69.1902
81,78.0792
81,78.0792
80,78.0792
80,78.0792
79,78.0792
79,78.0792
77,78.0792
81,78.0792
125,78.0792
142,78.0792
111,78.0792
98,78.0792
97,78.0792
93,78.0792
91,78.0792
95,78.0792
93,80.6142
86,80.6142
82,80.6142
81,80.6142
81,80.6142
80,80.6142
80,80.6142
79,80.6142
78,80.6142
105,80.6142
143,80.6142
122,80.6142
100,80.6142
98,80.6142
96,81.0253
91,81.0253
94,81.0253
94,81.0253
88,81.0253
83,81.0253
81,81.0253
82,81.0253
80,81.0253
79,81.0253
90,81.0253
134,81.0253
136,81.0253
108,81.0253
100,81.0253
99,85.3159
93,85.3159
93,85.3159
96,85.3159
91,85.3159
85,85.3159
83,85.3159
82,85.3159
80,85.3159
79,85.3159
93,85.3159
136,85.3159
132,85.3159
105,85.3159
99,85.5972
96,85.5972
90,85.5972
94,85.5972
97,85.5972
90,85.5972
85,85.5972
83,85.5972
82,85.5972
82,85.5972
81,85.5972
98,85.5972
138,85.5972
126,85.5972
99,67.7474
92,67.7474
88,67.7474
88,67.7474
98,67.7474
99,67.7474
87,67.7474
84,67.7474
84,67.7474
83,67.7474
82,67.7474
100,67.7474
144,67.7474
130,67.7474
103,67.7474
96,67.7474
93,67.7474
90,67.7474
99,58.0507
101,58.0507
91,58.0507
86,58.0507
86,58.0507
85,58.0507
84,58.0507
106,58.0507
147,58.0507
131,58.0507
114,58.0507
116,58.0507
116,58.0507
117,58.0507
116,58.0507
116,58.0507
116,58.0507
116,58.0507
116,58.0507
116,58.0507
116,58.0507
116,62.7834
116,62.7834
116,62.7834
116,62.7834
116,62.7834
116,62.7834
116,62.7834
103,62.7834
104,62.7834
104,62.7834
104,62.7834
104,62.7834
104,62.7834
104,62.7834
104,62.7834
104,62.7834
104,62.7834
104,62.7834
104,62.7834
104,69.1248
104,69.1248
104,69.1248
104,69.1248
104,69.1248
104,69.1248
104,69.1248
104,69.1248
101,69.1248
102,69.1248
110,69.1248
101,69.1248
98,69.1248
100,69.1248
95,69.1248
89,69.1248
85,69.1248
84,77.4342
84,77.4342
83,77.4342
82,77.4342
83,77.4342
82,77.4342
80,77.4342
91,77.4342
147,77.4342
151,77.4342
114,77.4342
105,77.4342
108,77.4342
101,77.4342
99,77.4342
104,77.4342
99,75.9332
91,75.9332
87,75.9332
86,75.9332
84,75.9332
84,75.9332
83,75.9332
82,75.9332
81,75.9332
118,75.9332
158,75.9332
126,75.9332
105,75.9332
104,75.9332
102,75.9332
96,75.9332
101,69.7776
100,69.7776
93,69.7776
86,69.7776
84,69.7776
85,69.7776
83,69.7776
81,69.7776
90,69.7776
140,69.7776
149,69.7776
114,69.7776
103,69.7776
104,69.7776
97,69.7776
97,69.7776
101,69.7776
96,66.8508
89,66.8508
85,66.8508
85,66.8508
84,66.8508
82,66.8508
81,66.8508
102,66.8508
150,66.8508
136,66.8508
108,66.8508
104,66.8508
102,66.8508
95,66.8508
99,66.8508
101,66.8508
93,66.8508
87,66.8508
85,67.4389
84,67.4389
83,67.4389
83,67.4389
82,67.4389
80,67.4389
93,67.4389
146,67.4389
142,67.4389
109,67.4389
102,67.4389
101,67.4389
95,67.4389
98,67.4389
100,67.4389
94,67.4389
86,67.4389
84,66.563
83,66.563
83,66.563
82,66.563
82,66.563
80,66.563
79,66.563
95,66.563
147,66.563
137,66.563
106,66.563
99,66.563
99,66.563
93,66.563
96,66.563
98,66.563
91,66.563
86,66.563
83,66.563
82,66.6914
81,66.6914
81,66.6914
80,66.6914
79,66.6914
78,66.6914
100,66.6914
146,66.6914
130,66.6914
102,66.6914
96,66.6914
96,66.6914
91,66.6914
94,66.6914
96,66.6914
89,66.6914
83,66.6914
81,67.6743
80,67.6743
80,67.6743
79,67.6743
79,67.6743
78,67.6743
76,67.6743
98,67.6743
146,67.6743
129,67.6743
101,67.6743
94,67.6743
93,67.6743
89,67.6743
93,67.6743
94,67.6743
88,67.6743
82,67.6743
80,69.7235
79,69.7235
78,69.7235
78,69.7235
78,69.7235
76,69.7235
75,69.7235
94,69.7235
143,69.7235
129,69.7235
101,69.7235
93,69.7235
91,69.7235
87,69.7235
91,69.7235
93,69.7235
86,69.7235
81,75.7137
79,75.7137
78,75.7137
77,75.7137
77,75.7137
77,75.7137
75,75.7137
75,75.7137
108,75.7137
146,75.7137
116,75.7137
95,75.7137
92,75.7137
89,75.7137
86,75.7137
91,75.7137
91,78.9484
84,78.9484
79,78.9484
78,78.9484
77,78.9484
76,78.9484
76,78.9484
75,78.9484
73,78.9484
94,78.9484
140,78.9484
125,78.9484
98,78.9484
92,78.9484
92,78.9484
88,77.5211
92,77.5211
92,77.5211
84,77.5211
79,77.5211
78,77.5211
78,77.5211
77,77.5211
76,77.5211
75,77.5211
106,77.5211
140,77.5211
118,77.5211
98,77.5211
96,77.5211
93,77.5211
90,74.8283
93,74.8283
91,74.8283
86,74.8283
82,74.8283
79,74.8283
79,74.8283
78,74.8283
77,74.8283
95,74.8283
136,74.8283
128,74.8283
103,74.8283
99,74.8283
97,74.8283
91,74.8283
95,75.5095
96,75.5095
90,75.5095
85,75.5095
82,75.5095
82,75.5095
81,75.5095
79,75.5095
83,75.5095
123,75.5095
142,75.5095
113,75.5095
103,75.5095
104,75.5095
96,75.5095
96,75.5095
100,73.1797
95,73.1797
89,73.1797
85,73.1797
84,73.1797
83,73.1797
82,73.1797
80,73.1797
83,73.1797
119,73.1797
145,73.1797
115,73.1797
105,73.1797
105,73.1797
97,73.1797
99,73.1797
103,70.8738
97,70.8738
89,70.8738
86,70.8738
86,70.8738
85,70.8738
84,70.8738
83,70.8738
85,70.8738
121,70.8738
146,70.8738
117,70.8738
104,70.8738
103,70.8738
96,70.8738
100,70.8738
104,70.8738
97,67.1216
90,67.1216
87,67.1216
86,67.1216
86,67.1216
85,67.1216
84,67.1216
85,67.1216
121,67.1216
156,67.1216
127,67.1216
111,67.1216
116,67.1216
110,67.1216
101,67.1216
104,67.1216
103,67.1216
97,67.1216
91,70.8361
89,70.8361
88,70.8361
88,70.8361
87,70.8361
84,70.8361
87,70.8361
127,70.8361
158,70.8361
125,70.8361
113,70.8361
117,70.8361
107,70.8361
100,70.8361
104,70.8361
103,70.8361
96,70.8361
91,70.3481
89,70.3481
87,70.3481
88,70.3481
87,70.3481
86,70.3481
84,70.3481
85,70.3481
121,70.3481
155,70.3481
121,70.3481
105,70.3481
105,70.3481
100,70.3481
98,70.3481
105,70.3481
101,70.3481
91,69.0429
88,69.0429
88,69.0429
87,69.0429
87,69.0429
86,69.0429
85,69.0429
86,69.0429
121,69.0429
154,69.0429
121,69.0429
119,69.0429
119,69.0429
119,69.0429
119,69.0429
119,69.0429
119,69.0429
119,68.5979
119,68.5979
119,68.5979
119,68.5979
119,68.5979
119,68.5979
119,68.5979
119,68.5979
119,68.5979
119,68.5979
119,68.5979
105,68.5979
106,68.5979
106,68.5979
106,68.5979
106,68.5979
106,68.5979
106,68.5979
106,75.1613
106,75.1613
106,75.1613
106,75.1613
106,75.1613
106,75.1613
106,75.1613
106,75.1613
106,75.1613
106,75.1613
103,75.1613
103,75.1613
107,75.1613
100,75.1613
97,75.1613
99,75.1613
93,75.5239
88,75.5239
86,75.5239
85,75.5239
85,75.5239
85,75.5239
84,75.5239
83,75.5239
84,75.5239
129,75.5239
152,75.5239
117,75.5239
102,75.5239
103,75.5239
97,75.5239
98,75.5239
104,74.3349
98,74.3349
91,74.3349
87,74.3349
87,74.3349
86,74.3349
86,74.3349
84,74.3349
87,74.3349
129,74.3349
154,74.3349
117,74.3349
104,74.3349
105,74.3349
98,74.3349
98,74.3349
102,72.8765
97,72.8765
90,72.8765
89,72.8765
85,72.8765
86,72.8765
86,72.8765
84,72.8765
94,72.8765
143,72.8765
150,72.8765
115,72.8765
110,72.8765
112,72.8765
103,72.8765
100,72.8765
101,75.6659
97,75.6659
90,75.6659
87,75.6659
87,75.6659
87,75.6659
87,75.6659
84,75.6659
87,75.6659
131,75.6659
155,75.6659
120,75.6659
107,75.6659
109,75.6659
102,75.6659
98,75.6659
100,77.6245
97,77.6245
90,77.6245
87,77.6245
87,77.6245
87,77.6245
86,77.6245
85,77.6245
82,77.6245
103,77.6245
147,77.6245
136,77.6245
107,77.6245
102,77.6245
100,77.6245
96,77.6245
97,76.3741
96,76.3741
87,76.3741
85,76.3741
87,76.3741
87,76.3741
86,76.3741
84,76.3741
83,76.3741
99,76.3741
143,76.3741
133,76.3741
100,76.3741
93,76.3741
93,76.3741
93,75.6983
97,75.6983
94,75.6983
85,75.6983
83,75.6983
83,75.6983
84,75.6983
84,75.6983
82,75.6983
91,75.6983
136,75.6983
143,75.6983
110,75.6983
98,75.6983
96,75.6983
92,75.6983
92,77.4915
93,77.4915
88,77.4915
84,77.4915
83,77.4915
85,77.4915
85,77.4915
84,77.4915
82,77.4915
100,77.4915
142,77.4915
133,77.4915
103,77.4915
95,77.4915
93,77.4915
90,77.4915
93,81.361
92,81.361
86,81.361
83,81.361
83,81.361
84,81.361
84,81.361
82,81.361
81,81.361
103,81.361
142,81.361
127,81.361
98,81.361
91,81.361
88,81.361
89,80.9297
94,80.9297
90,80.9297
84,80.9297
82,80.9297
82,80.9297
83,80.9297
83,80.9297
81,80.9297
82,80.9297
119,80.9297
140,80.9297
110,80.9297
90,80.9297
86,79.6368
86,79.6368
93,79.6368
94,79.6368
87,79.6368
80,79.6368
81,79.6368
83,79.6368
82,79.6368
81,79.6368
91,79.6368
136,79.6368
138,79.6368
104,79.6368
92,79.6368
89,79.3592
88,79.3592
92,79.3592
91,79.3592
84,79.3592
81,79.3592
82,79.3592
83,79.3592
82,79.3592
81,79.3592
100,79.3592
145,79.3592
130,79.3592
99,79.3592
90,79.3592
88,79.3592
89,81.2953
94,81.2953
90,81.2953
84,81.2953
81,81.2953
82,81.2953
83,81.2953
82,81.2953
81,81.2953
94,81.2953
142,81.2953
134,81.2953
100,81.2953
90,81.2953
86,85.9911
89,85.9911
93,85.9911
89,85.9911
83,85.9911
81,85.9911
81,85.9911
83,85.9911
82,85.9911
79,85.9911
87,85.9911
134,85.9911
135,85.9911
101,85.9911
87,87.3057
84,87.3057
87,87.3057
96,87.3057
91,87.3057
83,87.3057
81,87.3057
83,87.3057
82,87.3057
78,87.3057
77,87.3057
86,87.3057
135,87.3057
128,87.3057
97,87.7538
83,87.7538
80,87.7538
89,87.7538
99,87.7538
92,87.7538
81,87.7538
79,87.7538
81,87.7538
81,87.7538
80,87.7538
95,87.7538
143,87.7538
127,87.7538
97,86.5732
87,86.5732
85,86.5732
93,86.5732
99,86.5732
91,86.5732
83,86.5732
81,86.5732
82,86.5732
82,86.5732
82,86.5732
115,86.5732
148,86.5732
117,86.5732
95,88.404
89,88.404
89,88.404
98,88.404
99,88.404
89,88.404
84,88.404
83,88.404
84,88.404
83,88.404
86,88.404
128,88.404
141,88.404
107,88.524
91,88.524
86,88.524
92,88.524
103,88.524
97,88.524
87,88.524
84,88.524
84,88.524
84,88.524
83,88.524
85,88.524
127,88.524
136,88.524
104,86.3942
89,86.3942
83,86.3942
93,86.3942
105,86.3942
96,86.3942
86,86.3942
83,86.3942
83,86.3942
83,86.3942
82,86.3942
101,86.3942
146,86.3942
123,86.3942
97,82.3852
89,82.3852
89,82.3852
101,82.3852
103,82.3852
91,82.3852
85,82.3852
84,82.3852
85,82.3852
85,82.3852
91,82.3852
142,82.3852
144,82.3852
109,82.3852
97,79.5407
95,79.5407
98,79.5407
105,79.5407
99,79.5407
89,79.5407
86,79.5407
86,79.5407
87,79.5407
86,79.5407
93,79.5407
143,79.5407
140,79.5407
106,79.5407
96,79.5407
93,81.6502
100,81.6502
105,81.6502
97,81.6502
89,81.6502
87,81.6502
88,81.6502
88,81.6502
87,81.6502
86,81.6502
108,81.6502
150,81.6502
123,81.6502
97,81.6502
92,81.6502
93,83.4338
104,83.4338
102,83.4338
91,83.4338
86,83.4338
86,83.4338
86,83.4338
87,83.4338
85,83.4338
84,83.4338
97,83.4338
143,83.4338
126,83.4338
95,83.4338
86,84.9039
87,84.9039
101,84.9039
104,84.9039
92,84.9039
84,84.9039
83,84.9039
85,84.9039
86,84.9039
84,84.9039
83,84.9039
104,84.9039
143,84.9039
116,84.9039
90,86.432
83,86.432
87,86.432
103,86.432
102,86.432
89,86.432
82,86.432
83,86.432
85,86.432
85,86.432
82,86.432
98,86.432
148,86.432
127,86.432
95,86.1957
88,86.1957
89,86.1957
100,86.1957
104,86.1957
93,86.1957
86,86.1957
84,86.1957
86,86.1957
86,86.1957
84,86.1957
96,86.1957
145,86.1957
133,86.1957
99,85.51
92,85.51
91,85.51
101,85.51
105,85.51
95,85.51
88,85.51
87,85.51
88,85.51
88,85.51
87,85.51
100,85.51
145,85.51
130,85.51
100,87.0566
93,87.0566
93,87.0566
105,87.0566
105,87.0566
95,87.0566
89,87.0566
89,87.0566
90,87.0566
90,87.0566
89,87.0566
101,87.0566
145,87.0566
128,87.0566
100,85.9238
92,85.9238
95,85.9238
107,85.9238
106,85.9238
95,85.9238
89,85.9238
90,85.9238
90,85.9238
90,85.9238
88,85.9238
97,85.9238
143,85.9238
131,85.9238
99,88.4991
91,88.4991
93,88.4991
107,88.4991
108,88.4991
96,88.4991
90,88.4991
89,88.4991
91,88.4991
90,88.4991
89,88.4991
103,88.4991
145,88.4991
126,88.4991
98,91.1367
92,91.1367
98,91.1367
113,91.1367
112,91.1367
101,91.1367
93,91.1367
93,91.1367
94,91.1367
93,91.1367
95,91.1367
132,91.1367
156,91.1367
121,91.9651
105,91.9651
101,91.9651
104,91.9651
112,91.9651
105,91.9651
94,91.9651
91,91.9651
94,91.9651
95,91.9651
93,91.9651
95,91.9651
131,91.9651
144,89.964
110,89.964
98,89.964
95,89.964
106,89.964
112,89.964
102,89.964
94,89.964
93,89.964
94,89.964
93,89.964
96,89.964
135,89.964
150,84.7216
113,84.7216
100,84.7216
98,84.7216
105,84.7216
111,84.7216
102,84.7216
95,84.7216
93,84.7216
94,84.7216
94,84.7216
97,84.7216
136,84.7216
153,84.7216
114,79.7923
101,79.7923
100,79.7923
106,79.7923
111,79.7923
103,79.7923
95,79.7923
93,79.7923
95,79.7923
94,79.7923
94,79.7923
115,79.7923
153,79.7923
124,79.7923
101,79.7923
98,78.8074
102,78.8074
112,78.8074
106,78.8074
96,78.8074
93,78.8074
94,78.8074
95,78.8074
94,78.8074
93,78.8074
108,78.8074
150,78.8074
128,78.8074
99,78.8074
96,78.8074
100,78.8074
111,83.6081
107,83.6081
95,83.6081
92,83.6081
93,83.6081
95,83.6081
94,83.6081
92,83.6081
90,83.6081
103,83.6081
149,83.6081
128,83.6081
96,83.6081
94,83.6081
97,86.907
109,86.907
106,86.907
94,86.907
90,86.907
91,86.907
92,86.907
92,86.907
91,86.907
87,86.907
91,86.907
130,86.907
139,86.907
102,86.907
90,88.642
93,88.642
106,88.642
114,88.642
104,88.642
92,88.642
90,88.642
91,88.642
92,88.642
92,88.642
93,88.642
125,88.642
147,88.642
111,88.8807
94,88.8807
95,88.8807
101,88.8807
109,88.8807
101,88.8807
92,88.8807
90,88.8807
92,88.8807
92,88.8807
91,88.8807
93,88.8807
128,88.8807
140,88.8807
108,89.7338
94,89.7338
94,89.7338
103,89.7338
108,89.7338
99,89.7338
91,89.7338
91,89.7338
92,89.7338
91,89.7338
91,89.7338
104,89.7338
144,89.7338
125,92.3775
98,92.3775
94,92.3775
97,92.3775
108,92.3775
105,92.3775
94,92.3775
90,92.3775
92,92.3775
93,92.3775
91,92.3775
94,92.3775
127,92.3775
142,92.3979
109,92.3979
95,92.3979
94,92.3979
104,92.3979
110,92.3979
99,92.3979
92,92.3979
92,92.3979
93,92.3979
93,92.3979
92,92.3979
108,92.3979
143,92.4357
122,92.4357
98,92.4357
94,92.4357
100,92.4357
109,92.4357
104,92.4357
94,92.4357
92,92.4357
93,92.4357
93,92.4357
92,92.4357
106,92.4357
142,93.1817
122,93.1817
97,93.1817
93,93.1817
99,93.1817
112,93.1817
105,93.1817
94,93.1817
92,93.1817
93,93.1817
92,93.1817
91,93.1817
103,93.1817
138,88.8194
124,88.8194
97,88.8194
92,88.8194
97,88.8194
112,88.8194
107,88.8194
94,88.8194
90,88.8194
92,88.8194
93,88.8194
91,88.8194
106,88.8194
143,88.8194
124,81.4202
99,81.4202
93,81.4202
98,81.4202
110,81.4202
108,81.4202
95,81.4202
91,81.4202
95,81.4202
95,81.4202
94,81.4202
117,81.4202
148,81.4202
121,81.4202
100,76.0652
97,76.0652
103,76.0652
110,76.0652
103,76.0652
95,76.0652
94,76.0652
97,76.0652
96,76.0652
94,76.0652
105,76.0652
151,76.0652
136,76.0652
106,76.0652
102,76.0652
102,76.0652
108,74.6612
107,74.6612
99,74.6612
96,74.6612
97,74.6612
98,74.6612
98,74.6612
94,74.6612
93,74.6612
122,74.6612
155,74.6612
123,74.6612
103,74.6612
103,74.6612
105,74.6612
109,74.6612
105,76.2824
98,76.2824
96,76.2824
97,76.2824
98,76.2824
97,76.2824
95,76.2824
93,76.2824
92,76.2824
122,76.2824
147,76.2824
114,76.2824
97,76.2824
98,76.2824
104,76.2824
109,76.2824
100,79.4563
94,79.4563
94,79.4563
95,79.4563
95,79.4563
94,79.4563
92,79.4563
90,79.4563
89,79.4563
108,79.4563
142,79.4563
116,79.4563
92,79.4563
92,79.4563
99,79.4563
108,82.6369
101,82.6369
91,82.6369
90,82.6369
92,82.6369
92,82.6369
90,82.6369
89,82.6369
87,82.6369
87,82.6369
113,82.6369
138,82.6369
106,82.6369
87,82.6369
88,86.4781
97,86.4781
107,86.4781
97,86.4781
87,86.4781
87,86.4781
89,86.4781
88,86.4781
88,86.4781
86,86.4781
85,86.4781
103,86.4781
134,86.4781
110,86.4781
86,88.6607
85,88.6607
93,88.6607
105,88.6607
99,88.6607
87,88.6607
85,88.6607
86,88.6607
87,88.6607
86,88.6607
84,88.6607
88,88.6607
123,88.6607
128,88.6607
96,90.243
84,90.243
86,90.243
100,90.243
105,90.243
93,90.243
84,90.243
85,90.243
87,90.243
86,90.243
85,90.243
90,90.243
127,90.243
125,92.9193
94,92.9193
84,92.9193
88,92.9193
103,92.9193
105,92.9193
92,92.9193
85,92.9193
86,92.9193
88,92.9193
87,92.9193
87,92.9193
108,92.9193
137,95.8038
110,95.8038
89,95.8038
86,95.8038
95,95.8038
108,95.8038
100,95.8038
88,95.8038
86,95.8038
88,95.8038
89,95.8038
87,95.8038
98,95.8038
137,95.3752
120,95.3752
93,95.3752
87,95.3752
94,95.3752
107,95.3752
104,95.3752
91,95.3752
87,95.3752
89,95.3752
89,95.3752
89,95.3752
104,92.2612
140,92.2612
117,92.2612
94,92.2612
89,92.2612
96,92.2612
109,92.2612
103,92.2612
91,92.2612
89,92.2612
89,92.2612
89,92.2612
93,92.2612
127,87.1206
133,87.1206
103,87.1206
91,87.1206
91,87.1206
105,87.1206
108,87.1206
96,87.1206
90,87.1206
90,87.1206
91,87.1206
91,87.1206
106,87.1206
142,87.1206
119,81.5977
96,81.5977
91,81.5977
99,81.5977
110,81.5977
103,81.5977
92,81.5977
90,81.5977
92,81.5977
92,81.5977
92,81.5977
110,81.5977
145,81.5977
118,81.5977
96,81.5977
94,79.369
101,79.369
111,79.369
103,79.369
93,79.369
91,79.369
93,79.369
94,79.369
92,79.369
92,79.369
122,79.369
143,79.369
109,79.369
95,79.369
95,79.369
105,75.2492
110,75.2492
100,75.2492
91,75.2492
91,75.2492
93,75.2492
94,75.2492
92,75.2492
89,75.2492
92,75.2492
134,75.2492
137,75.2492
102,75.2492
93,75.2492
95,75.2492
108,75.2492
108,72.7476
96,72.7476
91,72.7476
92,72.7476
94,72.7476
94,72.7476
92,72.7476
89,72.7476
92,72.7476
136,72.7476
142,72.7476
104,72.7476
96,72.7476
99,72.7476
106,72.7476
107,72.7476
98,72.6653
92,72.6653
94,72.6653
95,72.6653
95,72.6653
93,72.6653
91,72.6653
89,72.6653
95,72.6653
143,72.6653
140,72.6653
103,72.6653
99,72.6653
101,72.6653
105,72.6653
106,72.6653
98,72.6653
94,73.4802
94,73.4802
96,73.4802
94,73.4802
94,73.4802
92,73.4802
90,73.4802
88,73.4802
111,73.4802
149,73.4802
119,73.4802
96,73.4802
97,73.4802
101,73.4802
106,73.4802
101,73.4802
94,77.0042
92,77.0042
94,77.0042
94,77.0042
93,77.0042
92,77.0042
90,77.0042
87,77.0042
90,77.0042
129,77.0042
138,77.0042
103,77.0042
92,77.0042
95,77.0042
103,77.0042
104,77.0042
95,82.3786
90,82.3786
91,82.3786
92,82.3786
91,82.3786
90,82.3786
89,82.3786
87,82.3786
86,82.3786
107,82.3786
139,82.3786
113,82.3786
90,82.3786
91,82.3786
97,88.3019
104,88.3019
98,88.3019
89,88.3019
88,88.3019
90,88.3019
89,88.3019
89,88.3019
88,88.3019
85,88.3019
86,88.3019
116,88.3019
130,88.3019
99,88.3019
110,91.0441
109,91.0441
109,91.0441
109,91.0441
109,91.0441
109,91.0441
109,91.0441
109,91.0441
109,91.0441
109,91.0441
109,91.0441
109,91.0441
109,91.0441
109,92.3105
113,92.3105
118,92.3105
118,92.3105
118,92.3105
118,92.3105
118,92.3105
118,92.3105
118,92.3105
118,92.3105
118,92.3105
118,92.3105
118,92.3105
118,89.9492
118,89.9492
128,89.9492
127,89.9492
127,89.9492
127,89.9492
127,89.9492
127,89.9492
127,89.9492
127,89.9492
127,89.9492
127,89.9492
128,89.9492
127,86.0614
127,86.0614
137,86.0614
137,86.0614
137,86.0614
136,86.0614
137,86.0614
137,86.0614
136,86.0614
137,86.0614
137,86.0614
137,86.0614
137,86.0614
137,86.0614
137,83.8228
122,83.8228
123,83.8228
123,83.8228
123,83.8228
123,83.8228
122,83.8228
122,83.8228
123,83.8228
122,83.8228
123,83.8228
123,83.8228
123,83.8228
122,83.8228
120,83.8228
115,84.2697
119,84.2697
127,84.2697
124,84.2697
109,84.2697
105,84.2697
106,84.2697
106,84.2697
104,84.2697
102,84.2697
118,84.2697
162,84.2697
136,84.2697
113,84.2697
112,86.4489
118,86.4489
130,86.4489
121,86.4489
108,86.4489
105,86.4489
105,86.4489
105,86.4489
104,86.4489
101,86.4489
104,86.4489
148,86.4489
151,86.4489
116,86.4489
108,88.3127
109,88.3127
126,88.3127
126,88.3127
110,88.3127
102,88.3127
102,88.3127
103,88.3127
103,88.3127
100,88.3127
98,88.3127
127,88.3127
158,88.3127
123,87.8204
105,87.8204
102,87.8204
116,87.8204
129,87.8204
114,87.8204
101,87.8204
99,87.8204
101,87.8204
101,87.8204
99,87.8204
101,87.8204
146,87.8204
155,87.8204
117,86.8405
106,86.8405
107,86.8405
120,86.8405
126,86.8405
110,86.8405
101,86.8405
100,86.8405
101,86.8405
100,86.8405
99,86.8405
119,86.8405
166,86.8405
135,86.8405
111,86.4163
110,86.4163
113,86.4163
126,86.4163
119,86.4163
106,86.4163
100,86.4163
101,86.4163
101,86.4163
99,86.4163
100,86.4163
139,86.4163
162,86.4163
123,86.4163
109,87.2576
110,87.2576
119,87.2576
126,87.2576
113,87.2576
103,87.2576
100,87.2576
101,87.2576
101,87.2576
99,87.2576
101,87.2576
143,87.2576
154,87.2576
118,89.1922
107,89.1922
107,89.1922
120,89.1922
124,89.1922
110,89.1922
101,89.1922
100,89.1922
101,89.1922
100,89.1922
98,89.1922
101,89.1922
143,89.1922
149,89.1922
114,91.3849
103,91.3849
104,91.3849
119,91.3849
123,91.3849
107,91.3849
99,91.3849
98,91.3849
99,91.3849
98,91.3849
96,91.3849
100,91.3849
144,91.3849
141,91.943
108,91.943
98,91.943
100,91.943
120,91.943
121,91.943
104,91.943
97,91.943
97,91.943
97,91.943
96,91.943
95,91.943
122,91.943
156,89.571
121,89.571
102,89.571
97,89.571
110,89.571
126,89.571
112,89.571
99,89.571
97,89.571
98,89.571
97,89.571
97,89.571
131,89.571
162,87.6479
124,87.6479
107,87.6479
106,87.6479
115,87.6479
126,87.6479
114,87.6479
102,87.6479
100,87.6479
100,87.6479
99,87.6479
100,87.6479
131,87.6479
163,87.6479
126,84.6271
111,84.6271
110,84.6271
118,84.6271
127,84.6271
115,84.6271
104,84.6271
102,84.6271
102,84.6271
102,84.6271
100,84.6271
112,84.6271
159,84.6271
141,84.6271
114,83.2892
112,83.2892
115,83.2892
126,83.2892
121,83.2892
108,83.2892
103,83.2892
103,83.2892
103,83.2892
102,83.2892
100,83.2892
122,83.2892
161,83.2892
130,83.2892
111,83.2892
109,85.9592
117,85.9592
128,85.9592
116,85.9592
104,85.9592
102,85.9592
103,85.9592
103,85.9592
101,85.9592
100,85.9592
111,85.9592
156,85.9592
137,85.9592
110,85.9592
106,89.0535
111,89.0535
125,89.0535
117,89.0535
104,89.0535
99,89.0535
101,89.0535
101,89.0535
100,89.0535
97,89.0535
97,89.0535
130,89.0535
153,89.0535
117,89.875
102,89.875
100,89.875
116,89.875
126,89.875
109,89.875
98,89.875
98,89.875
99,89.875
100,89.875
97,89.875
97,89.875
130,89.875
153,89.875
117,88.9155
102,88.9155
100,88.9155
115,88.9155
125,88.9155
109,88.9155
98,88.9155
97,88.9155
99,88.9155
98,88.9155
97,88.9155
118,88.9155
161,88.9155
131,88.0651
107,88.0651
105,88.0651
111,88.0651
125,88.0651
117,88.0651
103,88.0651
98,88.0651
100,88.0651
100,88.0651
99,88.0651
108,88.0651
157,88.0651
145,88.0651
114,87.3017
110,87.3017
111,87.3017
124,87.3017
122,87.3017
108,87.3017
102,87.3017
102,87.3017
102,87.3017
101,87.3017
101,87.3017
130,87.3017
162,87.3017
127,87.3087
110,87.3087
109,87.3087
118,87.3087
127,87.3087
115,87.3087
104,87.3087
102,87.3087
104,87.3087
103,87.3087
101,87.3087
104,87.3087
144,87.3087
152,87.3087
117,90.6008
108,90.6008
108,90.6008
122,90.6008
124,90.6008
109,90.6008
102,90.6008
102,90.6008
103,90.6008
102,90.6008
100,90.6008
108,90.6008
151,90.6008
142,95.9817
111,95.9817
104,95.9817
107,95.9817
124,95.9817
120,95.9817
105,95.9817
99,95.9817
100,95.9817
102,95.9817
100,95.9817
98,95.9817
110,95.9817
153,98.0806
134,98.0806
107,98.0806
100,98.0806
106,98.0806
125,98.0806
118,98.0806
102,98.0806
97,98.0806
98,98.0806
98,98.0806
96,98.0806
98,97.7862
136,97.7862
145,97.7862
110,97.7862
97,97.7862
94,97.7862
113,97.7862
123,97.7862
105,97.7862
95,97.7862
93,97.7862
93,97.7862
93,97.5822
109,97.5822
150,97.5822
130,97.5822
104,97.5822
93,97.5822
101,97.5822
125,97.5822
117,97.5822
101,97.5822
95,97.5822
96,97.5822
95,97.5822
112,95.1461
156,95.1461
135,95.1461
108,95.1461
102,95.1461
107,95.1461
123,95.1461
116,95.1461
102,95.1461
97,95.1461
97,95.1461
97,95.1461
111,91.1521
157,91.1521
139,91.1521
112,91.1521
107,91.1521
110,91.1521
123,91.1521
118,91.1521
105,91.1521
100,91.1521
99,91.1521
98,91.1521
105,91.1521
149,87.6245
149,87.6245
117,87.6245
110,87.6245
110,87.6245
122,87.6245
121,87.6245
108,87.6245
102,87.6245
101,87.6245
100,87.6245
101,87.6245
119,87.6245
162,87.6245
134,86.506
110,86.506
107,86.506
114,86.506
126,86.506
116,86.506
104,86.506
100,86.506
102,86.506
101,86.506
100,86.506
109,86.506
154,86.506
142,86.506
122,87.6215
130,87.6215
130,87.6215
130,87.6215
130,87.6215
130,87.6215
130,87.6215
130,87.6215
130,87.6215
130,87.6215
130,87.6215
130,87.6215
130,87.6215
130,87.6215
118,89.9893
119,89.9893
119,89.9893
119,89.9893
118,89.9893
119,89.9893
119,89.9893
119,89.9893
119,89.9893
119,89.9893
119,89.9893
119,89.9893
118,89.9893
119,92.0856
106,92.0856
101,92.0856
108,92.0856
128,92.0856
115,92.0856
101,92.0856
99,92.0856
100,92.0856
100,92.0856
100,92.0856
101,92.0856
139,92.0856
157,93.6587
116,93.6587
100,93.6587
99,93.6587
120,93.6587
127,93.6587
110,93.6587
100,93.6587
99,93.6587
100,93.6587
100,93.6587
98,93.6587
119,93.6587
161,94.6538
128,94.6538
103,94.6538
98,94.6538
109,94.6538
129,94.6538
117,94.6538
102,94.6538
100,94.6538
99,94.6538
99,94.6538
98,94.6538
117,94.6538
159,94.9336
130,94.9336
104,94.9336
96,94.9336
109,94.9336
129,94.9336
117,94.9336
102,94.9336
99,94.9336
99,94.9336
99,94.9336
98,94.9336
121,94.7381
159,94.7381
124,94.7381
103,94.7381
98,94.7381
113,94.7381
131,94.7381
115,94.7381
101,94.7381
100,94.7381
100,94.7381
99,94.7381
102,94.7381
143,92.6468
152,92.6468
114,92.6468
103,92.6468
103,92.6468
123,92.6468
126,92.6468
109,92.6468
101,92.6468
100,92.6468
101,92.6468
101,92.6468
124,92.6468
168,89.1665
130,89.1665
109,89.1665
109,89.1665
119,89.1665
130,89.1665
117,89.1665
106,89.1665
103,89.1665
104,89.1665
102,89.1665
105,89.1665
147,89.1665
159,85.2333
121,85.2333
113,85.2333
114,85.2333
127,85.2333
128,85.2333
113,85.2333
106,85.2333
105,85.2333
105,85.2333
104,85.2333
107,85.2333
147,85.2333
158,85.2333
121,83.1656
114,83.1656
115,83.1656
129,83.1656
127,83.1656
112,83.1656
106,83.1656
106,83.1656
107,83.1656
105,83.1656
103,83.1656
120,83.1656
164,83.1656
136,83.1656
114,83.1656
114,83.3137
122,83.3137
131,83.3137
118,83.3137
107,83.3137
105,83.3137
106,83.3137
107,83.3137
104,83.3137
101,83.3137
114,83.3137
161,83.3137
139,83.3137
114,83.3137
112,85.3921
119,85.3921
130,85.3921
119,85.3921
107,85.3921
104,85.3921
105,85.3921
106,85.3921
104,85.3921
101,85.3921
101,85.3921
140,85.3921
157,85.3921
119,85.3921
108,88.745
109,88.745
124,88.745
125,88.745
109,88.745
102,88.745
102,88.745
103,88.745
103,88.745
100,88.745
97,88.745
114,88.745
160,88.745
130,88.745
106,90.3689
103,90.3689
111,90.3689
126,90.3689
114,90.3689
101,90.3689
98,90.3689
99,90.3689
100,90.3689
98,90.3689
96,90.3689
108,90.3689
154,90.3689
131,94.5714
104,94.5714
99,94.5714
104,94.5714
122,94.5714
114,94.5714
100,94.5714
95,94.5714
96,94.5714
97,94.5714
95,94.5714
95,94.5714
127,94.5714
149,97.6392
113,97.6392
95,97.6392
95,97.6392
109,97.6392
119,97.6392
104,97.6392
94,97.6392
94,97.6392
94,97.6392
92,97.6392
92,97.6392
111,100.2085
150,100.2085
119,100.2085
98,100.2085
93,100.2085
101,100.2085
118,100.2085
108,100.2085
96,100.2085
92,100.2085
91,100.2085
90,100.2085
91,101.7036
119,101.7036
144,101.7036
112,101.7036
94,101.7036
90,101.7036
103,101.7036
118,101.7036
105,101.7036
95,101.7036
92,101.7036
92,101.7036
91,100.3284
119,100.3284
151,100.3284
118,100.3284
99,100.3284
95,100.3284
105,100.3284
117,100.3284
106,100.3284
96,100.3284
92,100.3284
91,100.3284
94,97.3387
133,97.3387
149,97.3387
115,97.3387
103,97.3387
100,97.3387
109,97.3387
116,97.3387
105,97.3387
96,97.3387
94,97.3387
93,97.3387
97,99.3798
132,99.3798
144,99.3798
112,99.3798
101,99.3798
99,99.3798
111,99.3798
114,99.3798
103,99.3798
96,99.3798
94,99.3798
93,99.3798
97,102.211
134,102.211
142,102.211
110,102.211
100,102.211
99,102.211
112,102.211
114,102.211
102,102.211
96,102.211
95,102.211
94,102.211
94,103.0914
119,103.0914
148,103.0914
117,103.0914
101,103.0914
98,103.0914
108,103.0914
116,103.0914
105,103.0914
97,103.0914
94,103.0914
93,103.0914
94,104.044
110,104.044
143,104.044
121,104.044
101,104.044
95,104.044
104,104.044
115,104.044
106,104.044
97,104.044
93,104.044
92,104.5411
92,104.5411
113,104.5411
140,104.5411
114,104.5411
97,104.5411
91,104.5411
103,104.5411
115,104.5411
103,104.5411
94,104.5411
91,104.5411
90,104.1359
93,104.1359
130,104.1359
135,104.1359
106,104.1359
94,104.1359
94,104.1359
110,104.1359
112,104.1359
99,104.1359
92,104.1359
90,101.6629
91,101.6629
116,101.6629
145,101.6629
118,101.6629
101,101.6629
96,101.6629
106,101.6629
115,101.6629
105,101.6629
96,101.6629
93,101.6629
92,98.345
103,98.345
142,98.345
132,98.345
109,98.345
102,98.345
103,98.345
114,98.345
110,98.345
101,98.345
95,98.345
94,98.345
96,97.1284
120,97.1284
144,97.1284
119,97.1284
105,97.1284
101,97.1284
110,97.1284
114,97.1284
105,97.1284
98,97.1284
95,97.1284
94,97.1284
96,95.8141
123,95.8141
141,95.8141
115,95.8141
102,95.8141
98,95.8141
110,95.8141
113,95.8141
102,95.8141
97,95.8141
95,95.8141
94,95.8141
94,95.8141
113,95.4946
142,95.4946
119,95.4946
102,95.4946
96,95.4946
106,95.4946
114,95.4946
104,95.4946
96,95.4946
94,95.4946
93,95.4946
92,95.4946
98,95.4946
133,97.5478
129,97.5478
105,97.5478
95,97.5478
97,97.5478
112,97.5478
109,97.5478
97,97.5478
93,97.5478
92,97.5478
90,97.5478
91,97.5478
112,99.8466
137,99.8466
115,99.8466
96,99.8466
91,99.8466
103,99.8466
112,99.8466
102,99.8466
93,99.8466
91,99.8466
90,99.8466
89,99.8466
93,102.7553
125,102.7553
129,102.7553
104,102.7553
92,102.7553
91,102.7553
108,102.7553
109,102.7553
97,102.7553
91,102.7553
89,102.7553
88,102.7553
88,104.3172
106,104.3172
132,104.3172
113,104.3172
94,104.3172
86,104.3172
99,104.3172
112,104.3172
102,104.3172
93,104.3172
89,104.3172
88,104.1418
88,104.1418
111,104.1418
137,104.1418
114,104.1418
97,104.1418
90,104.1418
102,104.1418
113,104.1418
103,104.1418
94,104.1418
91,104.1418
90,102.1029
96,102.1029
134,102.1029
135,102.1029
110,102.1029
99,102.1029
100,102.1029
113,102.1029
113,102.1029
102,102.1029
96,102.1029
93,99.144
94,99.144
118,99.144
147,99.144
124,99.144
108,99.144
103,99.144
111,99.144
118,99.144
109,99.144
101,99.144
98,99.144
97,96.6534
103,96.6534
138,96.6534
140,96.6534
117,96.6534
107,96.6534
107,96.6534
119,96.6534
117,96.6534
106,96.6534
102,96.6534
99,96.6534
100,96.6534
110,97.7097
144,97.7097
134,97.7097
113,97.7097
106,97.7097
111,97.7097
121,97.7097
115,97.7097
105,97.7097
101,97.7097
101,97.7097
100,97.7097
108,100.3995
142,100.3995
137,100.3995
114,100.3995
104,100.3995
109,100.3995
120,100.3995
115,100.3995
105,100.3995
101,100.3995
100,100.3995
99,100.3995
100,104.2137
128,104.2137
147,104.2137
119,104.2137
123,104.2137
122,104.2137
122,104.2137
122,104.2137
122,104.2137
122,104.2137
123,104.2137
122,104.2137
122,105.7522
123,105.7522
122,105.7522
122,105.7522
132,105.7522
132,105.7522
132,105.7522
132,105.7522
132,105.7522
132,105.7522
132,105.7522
131,107.6314
132,107.6314
132,107.6314
132,107.6314
132,107.6314
119,107.6314
117,107.6314
118,107.6314
118,107.6314
117,107.6314
117,107.6314
118,109.1522
118,109.1522
117,109.1522
118,109.1522
118,109.1522
117,109.1522
102,109.1522
93,109.1522
106,109.1522
121,109.1522
109,109.1522
99,109.5618
95,109.5618
94,109.5618
120,109.5618
150,109.5618
124,109.5618
104,109.5618
96,109.5618
109,109.5618
120,109.5618
111,109.5618
101,108.9809
97,108.9809
95,108.9809
124,108.9809
156,108.9809
126,108.9809
106,108.9809
101,108.9809
114,108.9809
124,108.9809
113,108.9809
102,107.9683
98,107.9683
97,107.9683
129,107.9683
159,107.9683
126,107.9683
109,107.9683
103,107.9683
114,107.9683
122,107.9683
112,107.9683
102,107.8013
97,107.8013
97,107.8013
128,107.8013
155,107.8013
125,107.8013
107,107.8013
101,107.8013
115,107.8013
122,107.8013
111,107.8013
101,107.7971
97,107.7971
96,107.7971
119,107.7971
151,107.7971
126,107.7971
102,107.7971
96,107.7971
110,107.7971
120,107.7971
111,107.7971
101,108.3194
96,108.3194
94,108.3194
112,108.3194
151,108.3194
127,108.3194
104,108.3194
94,108.3194
106,108.3194
120,108.3194
111,108.3194
101,108.3194
96,109.447
94,109.447
105,109.447
146,109.447
133,109.447
105,109.447
93,109.447
102,109.447
120,109.447
113,109.447
102,110.5416
97,110.5416
94,110.5416
100,110.5416
142,110.5416
137,110.5416
108,110.5416
93,110.5416
99,110.5416
118,110.5416
114,110.5416
103,110.9198
97,110.9198
93,110.9198
97,110.9198
135,110.9198
139,110.9198
109,110.9198
93,110.9198
96,110.9198
116,110.9198
116,110.9198
104,111.6383
97,111.6383
93,111.6383
97,111.6383
137,111.6383
139,111.6383
109,111.6383
93,111.6383
99,111.6383
118,111.6383
116,111.6383
104,111.2844
97,111.2844
94,111.2844
102,111.2844
145,111.2844
135,111.2844
107,111.2844
95,111.2844
104,111.2844
123,111.2844
115,111.2844
103,109.4368
97,109.4368
95,109.4368
115,109.4368
155,109.4368
129,109.4368
106,109.4368
98,109.4368
113,109.4368
125,109.4368
113,109.4368
102,106.3433
98,106.3433
101,106.3433
141,106.3433
155,106.3433
120,106.3433
107,106.3433
107,106.3433
124,106.3433
124,106.3433
110,106.3433
103,105.176
101,105.176
110,105.176
156,105.176
146,105.176
118,105.176
109,105.176
114,105.176
127,105.176
121,105.176
109,105.176
104,103.7361
102,103.7361
111,103.7361
155,103.7361
144,103.7361
117,103.7361
108,103.7361
114,103.7361
128,103.7361
120,103.7361
109,103.7361
104,103.7361
102,103.821
105,103.821
145,103.821
154,103.821
122,103.821
110,103.821
110,103.821
125,103.821
123,103.821
110,103.821
104,103.821
102,103.7266
101,103.7266
121,103.7266
160,103.7266
132,103.7266
111,103.7266
105,103.7266
117,103.7266
126,103.7266
114,103.7266
105,103.7266
102,103.7266
100,103.9345
103,103.9345
142,103.9345
152,103.9345
118,103.9345
105,103.9345
106,103.9345
122,103.9345
121,103.9345
108,103.9345
102,103.9345
100,103.9345
98,104.382
112,104.382
156,104.382
134,104.382
109,104.382
100,104.382
109,104.382
123,104.382
113,104.382
103,104.382
99,104.382
97,104.4277
97,104.4277
131,104.4277
153,104.4277
118,104.4277
102,104.4277
99,104.4277
114,104.4277
119,104.4277
106,104.4277
99,104.4277
96,104.4277
94,104.1751
103,104.1751
149,104.1751
135,104.1751
106,104.1751
95,104.1751
101,104.1751
117,104.1751
112,104.1751
101,104.1751
95,104.1751
93,105.8558
92,105.8558
123,105.8558
150,105.8558
116,105.8558
98,105.8558
92,105.8558
108,105.8558
116,105.8558
105,105.8558
96,105.8558
92,107.7065
90,107.7065
96,107.7065
141,107.7065
134,107.7065
104,107.7065
91,107.7065
94,107.7065
112,107.7065
112,107.7065
100,107.7065
93,107.7065
90,110.0625
88,110.0625
121,110.0625
151,110.0625
117,110.0625
97,110.0625
91,110.0625
106,110.0625
117,110.0625
106,110.0625
96,110.9811
91,110.9811
89,110.9811
114,110.9811
157,110.9811
126,110.9811
103,110.9811
95,110.9811
105,110.9811
117,110.9811
108,110.9811
98,112.1891
93,112.1891
91,112.1891
104,112.1891
150,112.1891
131,112.1891
105,112.1891
95,112.1891
101,112.1891
115,112.1891
109,112.1891
98,114.0066
93,114.0066
90,114.0066
100,114.0066
142,114.0066
129,114.0066
102,114.0066
91,114.0066
97,114.0066
112,114.0066
107,114.0066
96,115.1987
91,115.1987
88,115.1987
102,115.1987
142,115.1987
122,115.1987
99,115.1987
89,115.1987
100,115.1987
113,115.1987
105,116.2526
95,116.2526
90,116.2526
89,116.2526
116,116.2526
142,116.2526
114,116.2526
94,116.2526
90,116.2526
104,116.2526
112,115.924
102,115.924
92,115.924
88,115.924
97,115.924
140,115.924
126,115.924
101,115.924
90,115.924
97,115.924
111,115.924
106,115.7162
95,115.7162
89,115.7162
89,115.7162
120,115.7162
139,115.7162
110,115.7162
93,115.7162
90,115.7162
105,115.7162
109,116.199
99,116.199
91,116.199
87,116.199
106,116.199
141,116.199
118,116.199
98,116.199
89,116.199
101,116.199
112,116.626
103,116.626
93,116.626
88,116.626
93,116.626
134,116.626
131,116.626
105,116.626
92,116.626
97,116.626
113,116.626
109,115.8734
97,115.8734
91,115.8734
90,115.8734
125,115.8734
144,115.8734
115,115.8734
100,115.8734
97,115.8734
112,115.8734
115,112.8313
102,112.8313
95,112.8313
92,112.8313
119,112.8313
150,112.8313
124,112.8313
107,112.8313
100,112.8313
111,112.8313
117,112.8313
107,109.8866
98,109.8866
94,109.8866
108,109.8866
148,109.8866
133,109.8866
112,109.8866
102,109.8866
109,109.8866
118,109.8866
111,109.431
101,109.431
96,109.431
97,109.431
131,109.431
143,109.431
116,109.431
102,109.431
101,109.431
114,109.431
114,109.431
103,109.9963
97,109.9963
94,109.9963
104,109.9963
144,109.9963
132,109.9963
108,109.9963
97,109.9963
104,109.9963
116,109.9963
109,109.9963
100,109.8763
95,109.8763
92,109.8763
106,109.8763
144,109.8763
129,109.8763
105,109.8763
95,109.8763
103,109.8763
115,109.8763
108,109.8763
99,111.3157
93,111.3157
91,111.3157
102,111.3157
142,111.3157
128,111.3157
104,111.3157
92,111.3157
100,111.3157
113,111.3157
106,111.3157
97,111.9506
92,111.9506
88,111.9506
99,111.9506
138,111.9506
126,111.9506
101,111.9506
89,111.9506
96,111.9506
111,111.9506
106,111.9506
96,112.3227
90,112.3227
87,112.3227
100,112.3227
140,112.3227
124,112.3227
99,112.3227
88,112.3227
97,112.3227
111,112.3227
105,111.658
95,111.658
89,111.658
87,111.658
118,111.658
146,111.658
116,111.658
98,111.658
92,111.658
105,111.658
113,111.658
103,109.523
94,109.523
89,109.523
94,109.523
139,109.523
140,109.523
111,109.523
98,109.523
98,109.523
112,109.523
112,109.523
101,107.7039
94,107.7039
90,107.7039
107,107.7039
150,107.7039
130,107.7039
107,107.7039
97,107.7039
104,107.7039
115,107.7039
109,107.7039
99,105.2532
93,105.2532
91,105.2532
117,105.2532
150,105.2532
124,105.2532
104,105.2532
96,105.2532
107,105.2532
116,105.2532
107,105.2532
98,105.2532
93,104.0063
91,104.0063
115,104.0063
148,104.0063
122,104.0063
101,104.0063
93,104.0063
106,104.0063
116,104.0063
106,104.0063
98,104.0063
93,102.821
90,102.821
106,102.821
146,102.821
127,102.821
102,102.821
91,102.821
101,102.821
115,102.821
107,102.821
98,102.821
93,102.821
89,102.7543
93,102.7543
134,102.7543
139,102.7543
109,102.7543
92,102.7543
94,102.7543
110,102.7543
112,102.7543
101,102.7543
94,102.7543
90,102.7543
88,104.2281
106,104.2281
144,104.2281
123,104.2281
113,104.2281
116,104.2281
116,104.2281
116,104.2281
116,104.2281
116,104.2281
116,104.2281
116,105.6357
116,105.6357
116,105.6357
116,105.6357
116,105.6357
127,105.6357
127,105.6357
127,105.6357
127,105.6357
127,105.6357
127,105.6357
127,103.9975
127,103.9975
127,103.9975
127,103.9975
127,103.9975
117,103.9975
110,103.9975
111,103.9975
111,103.9975
111,103.9975
111,103.9975
111,103.9975
111,101.4413
110,101.4413
111,101.4413
111,101.4413
111,101.4413
102,101.4413
100,101.4413
107,101.4413
118,101.4413
109,101.4413
100,101.4413
95,101.4413
92,101.8368
114,101.8368
156,101.8368
132,101.8368
110,101.8368
100,101.8368
106,101.8368
118,101.8368
112,101.8368
102,101.8368
97,101.8368
93,101.8368
93,106.3282
132,106.3282
148,106.3282
117,106.3282
102,106.3282
96,106.3282
108,106.3282
114,106.3282
103,106.3282
95,106.3282
92,106.3282
91,109.9081
93,109.9081
129,109.9081
142,109.9081
114,109.9081
97,109.9081
91,109.9081
104,109.9081
108,109.9081
100,109.9081
92,109.9081
88,110.132
85,110.132
84,110.132
114,110.132
129,110.132
106,110.132
89,110.132
83,110.132
93,110.132
101,110.132
96,110.132
89,110.9257
84,110.9257
81,110.9257
86,110.9257
119,110.9257
113,110.9257
92,110.9257
80,110.9257
80,110.9257
91,110.9257
93,110.9257
88,113.0114
82,113.0114
78,113.0114
89,113.0114
119,113.0114
109,113.0114
89,113.0114
78,113.0114
85,113.0114
99,113.0114
97,113.2618
88,113.2618
82,113.2618
79,113.2618
113,113.2618
130,113.2618
106,113.2618
111,113.2618
111,113.2618
111,113.2618
111,113.2618
111,113.2726
111,113.2726
111,113.2726
111,113.2726
111,113.2726
111,113.2726
117,113.2726
119,113.2726
119,113.2726
119,113.2726
119,113.3998
119,113.3998
119,113.3998
119,113.3998
119,113.3998
119,113.3998
119,113.3998
128,113.3998
128,113.3998
128,113.3998
127,113.3998
127,111.3951
128,111.3951
128,111.3951
128,111.3951
128,111.3951
127,111.3951
126,111.3951
109,111.3951
110,111.3951
110,111.3951
110,111.3951
110,107.7483
110,107.7483
110,107.7483
110,107.7483
110,107.7483
110,107.7483
106,107.7483
105,107.7483
105,107.7483
105,107.7483
105,107.7483
105,101.012
106,101.012
105,101.012
105,101.012
105,101.012
105,101.012
93,101.012
76,101.012
77,101.012
90,101.012
93,101.012
87,101.012
82,103.5823
80,103.5823
109,103.5823
125,103.5823
103,103.5823
85,103.5823
80,103.5823
92,103.5823
100,103.5823
95,103.5823
88,103.5823
83,105.7464
81,105.7464
112,105.7464
130,105.7464
105,105.7464
87,105.7464
81,105.7464
92,105.7464
102,105.7464
97,105.7464
91,105.7464
87,105.7464
83,106.5562
85,106.5562
127,106.5562
131,106.5562
103,106.5562
87,106.5562
84,106.5562
98,106.5562
105,106.5562
97,106.5562
90,106.5562
85,108.8175
81,108.8175
93,108.8175
132,108.8175
120,108.8175
96,108.8175
82,108.8175
85,108.8175
98,108.8175
100,108.8175
93,108.8175
86,109.276
81,109.276
82,109.276
118,109.276
129,109.276
101,109.276
84,109.276
80,109.276
91,109.276
99,109.276
94,109.276
87,108.9927
81,108.9927
77,108.9927
98,108.9927
126,108.9927
105,108.9927
85,108.9927
77,108.9927
84,108.9927
95,108.9927
93,108.9927
87,110.7955
81,110.7955
77,110.7955
95,110.7955
126,110.7955
106,110.7955
86,110.7955
76,110.7955
82,110.7955
94,110.7955
94,110.7955
86,109.7397
80,109.7397
77,109.7397
115,109.7397
133,109.7397
104,109.7397
113,109.7397
112,109.7397
112,109.7397
112,109.7397
112,109.7397
112,106.9708
112,106.9708
112,106.9708
112,106.9708
112,106.9708
117,106.9708
121,106.9708
121,106.9708
121,106.9708
121,106.9708
121,106.9708
121,104.1736
121,104.1736
121,104.1736
121,104.1736
121,104.1736
108,104.1736
108,104.1736
107,104.1736
108,104.1736
108,104.1736
108,104.1736
108,99.6758
107,99.6758
107,99.6758
108,99.6758
108,99.6758
105,99.6758
96,99.6758
92,99.6758
101,99.6758
105,99.6758
96,99.6758
91,99.6758
86,93.6542
88,93.6542
138,93.6542
134,93.6542
105,93.6542
91,93.6542
88,93.6542
99,93.6542
105,93.6542
98,93.6542
91,93.6542
87,93.6542
83,93.6542
104,89.2864
145,89.2864
119,89.2864
97,89.2864
86,89.2864
88,89.2864
102,89.2864
101,89.2864
93,89.2864
88,89.2864
84,89.2864
81,89.2864
101,89.2864
144,89.2864
118,89.6831
95,89.6831
83,89.6831
86,89.6831
100,89.6831
100,89.6831
92,89.6831
87,89.6831
83,89.6831
82,89.6831
78,89.6831
110,89.6831
140,89.6831
112,88.9883
91,88.9883
81,88.9883
83,88.9883
98,88.9883
98,88.9883
91,88.9883
85,88.9883
81,88.9883
80,88.9883
78,88.9883
79,88.9883
127,88.9883
125,88.9883
97,91.4139
82,91.4139
77,91.4139
85,91.4139
97,91.4139
93,91.4139
87,91.4139
83,91.4139
79,91.4139
78,91.4139
77,91.4139
111,91.4139
140,91.4139
113,89.6445
91,89.6445
80,89.6445
83,89.6445
98,89.6445
99,89.6445
91,89.6445
85,89.6445
82,89.6445
80,89.6445
77,89.6445
95,89.6445
148,89.6445
126,90.0241
99,90.0241
85,90.0241
81,90.0241
92,90.0241
102,90.0241
97,90.0241
89,90.0241
84,90.0241
80,90.0241
77,90.0241
78,90.0241
129,90.0241
129,89.9214
101,89.9214
86,89.9214
79,89.9214
84,89.9214
94,89.9214
92,89.9214
86,89.9214
82,89.9214
78,89.9214
75,89.9214
73,89.9214
98,89.9214
128,89.9214
107,89.5824
89,89.5824
78,89.5824
76,89.5824
86,89.5824
91,89.5824
86,89.5824
81,89.5824
78,89.5824
75,89.5824
74,89.5824
81,89.5824
124,89.5824
113,88.596
96,88.596
99,88.596
99,88.596
99,88.596
99,88.596
99,88.596
99,88.596
99,88.596
99,88.596
99,88.596
99,88.596
100,88.596
99,88.596
99,88.3561
89,88.3561
89,88.3561
90,88.3561
90,88.3561
90,88.3561
90,88.3561
90,88.3561
90,88.3561
90,88.3561
90,88.3561
90,88.3561
90,88.3561
90,89.0867
88,89.0867
72,89.0867
66,89.0867
67,89.0867
75,89.0867
78,89.0867
75,89.0867
72,89.0867
70,89.0867
68,89.0867
67,89.0867
92,89.0867
111,89.0867
95,89.2048
79,89.2048
70,89.2048
68,89.2048
74,89.2048
79,89.2048
78,89.2048
74,89.2048
71,89.2048
68,89.2048
66,89.2048
82,89.2048
121,89.2048
107,89.3032
87,89.3032
76,89.3032
69,89.3032
73,89.3032
82,89.3032
82,89.3032
77,89.3032
72,89.3032
66,89.3032
67,89.3032
66,89.3032
112,89.3032
116,89.3032
93,89.1827
78,89.1827
70,89.1827
68,89.1827
76,89.1827
83,89.1827
79,89.1827
74,89.1827
71,89.1827
68,89.1827
65,89.1827
80,89.1827
115,89.1827
100,88.9172
81,88.9172
70,88.9172
65,88.9172
68,88.9172
76,88.9172
77,88.9172
74,88.9172
70,88.9172
67,88.9172
65,88.9172
64,88.9172
102,88.9172
108,88.9172
88,88.6363
73,88.6363
66,88.6363
64,88.6363
70,88.6363
76,88.6363
75,88.6363
72,88.6363
67,88.6363
65,88.6363
63,88.6363
76,88.6363
107,88.6363
95,88.9496
78,88.9496
68,88.9496
62,88.9496
63,88.9496
70,88.9496
73,88.9496
71,88.9496
68,88.9496
65,88.9496
63,88.9496
61,88.9496
80,88.9496
99,88.9496
85,89.1535
72,89.1535
63,89.1535
60,89.1535
61,89.1535
65,89.1535
67,89.1535
66,89.1535
64,89.1535
61,89.1535
60,89.1535
60,89.1535
90,89.1535
92,89.9314
78,89.9314
67,89.9314
60,89.9314
59,89.9314
62,89.9314
67,89.9314
68,89.9314
66,89.9314
63,89.9314
62,89.9314
60,89.9314
90,89.9314
100,89.6396
85,89.6396
72,89.6396
64,89.6396
60,89.6396
63,89.6396
70,89.6396
72,89.6396
68,89.6396
65,89.6396
62,89.6396
60,89.6396
89,89.6396
110,89.6396
93,89.0149
84,89.0149
85,89.0149
85,89.0149
86,89.0149
85,89.0149
86,89.0149
85,89.0149
85,89.0149
85,89.0149
85,89.0149
85,89.0149
85,89.0149
85,88.3663
81,88.3663
76,88.3663
76,88.3663
76,88.3663
76,88.3663
76,88.3663
76,88.3663
76,88.3663
76,88.3663
76,88.3663
76,88.3663
76,88.3663
76,88.3663
76,88.9062
70,88.9062
70,88.9062
64,88.9062
68,88.9062
74,88.9062
73,88.9062
71,88.9062
68,88.9062
65,88.9062
64,88.9062
73,88.9062
108,88.9062
97,88.8045
79,88.8045
69,88.8045
63,88.8045
63,88.8045
68,88.8045
72,88.8045
71,88.8045
67,88.8045
64,88.8045
63,88.8045
61,88.8045
92,88.8045
106,88.8045
87,89.3186
72,89.3186
64,89.3186
60,89.3186
62,89.3186
68,89.3186
72,89.3186
70,89.3186
67,89.3186
64,89.3186
61,89.3186
62,89.3186
100,89.3186
98,89.4966
83,89.4966
72,89.4966
64,89.4966
60,89.4966
61,89.4966
65,89.4966
67,89.4966
65,89.4966
62,89.4966
61,89.4966
58,89.4966
64,89.4966
93,89.4966
89,89.8009
75,89.8009
65,89.8009
59,89.8009
57,89.8009
59,89.8009
63,89.8009
65,89.8009
63,89.8009
61,89.8009
60,89.8009
58,89.8009
89,89.8009
95,89.6257
81,89.6257
69,89.6257
61,89.6257
58,89.6257
58,89.6257
64,89.6257
67,89.6257
66,89.6257
64,89.6257
62,89.6257
61,89.6257
104,89.6257
109,89.6257
91,88.561
78,88.561
70,88.561
64,88.561
64,88.561
68,88.561
71,88.561
69,88.561
66,88.561
63,88.561
61,88.561
87,88.561
111,88.561
95,88.3989
79,88.3989
70,88.3989
63,88.3989
61,88.3989
65,88.3989
69,88.3989
68,88.3989
65,88.3989
62,88.3989
60,88.3989
63,88.3989
103,88.3989
100,88.3989
82,87.3605
70,87.3605
63,87.3605
59,87.3605
61,87.3605
66,87.3605
67,87.3605
64,87.3605
61,87.3605
60,87.3605
58,87.3605
77,87.3605
103,87.3605
89,86.3711
74,86.3711
65,86.3711
58,86.3711
58,86.3711
61,86.3711
64,86.3711
64,86.3711
62,86.3711
60,86.3711
58,86.3711
58,86.3711
90,86.3711
98,86.3711
81,87.1422
70,87.1422
62,87.1422
58,87.1422
57,87.1422
60,87.1422
63,87.1422
63,87.1422
62,87.1422
60,87.1422
58,87.1422
58,87.1422
87,87.1422
95,87.1422
81,86.5796
71,86.5796
65,86.5796
61,86.5796
63,86.5796
68,86.5796
70,86.5796
70,86.5796
67,86.5796
63,86.5796
60,86.5796
63,86.5796
103,86.5796
99,86.5796
84,85.3706
83,85.3706
83,85.3706
83,85.3706
83,85.3706
83,85.3706
83,85.3706
83,85.3706
83,85.3706
83,85.3706
83,85.3706
83,85.3706
83,85.3706
83,85.3706
74,83.7049
74,83.7049
74,83.7049
74,83.7049
74,83.7049
74,83.7049
74,83.7049
74,83.7049
74,83.7049
74,83.7049
74,83.7049
74,83.7049
74,83.7049
74,83.7049
67,82.7892
66,82.7892
60,82.7892
57,82.7892
59,82.7892
62,82.7892
62,82.7892
60,82.7892
58,82.7892
57,82.7892
56,82.7892
75,82.7892
97,82.7892
85,82.7892
72,82.7892
63,82.1309
57,82.1309
56,82.1309
58,82.1309
61,82.1309
61,82.1309
60,82.1309
58,82.1309
57,82.1309
56,82.1309
60,82.1309
94,82.1309
90,82.1309
75,82.1309
65,82.686
58,82.686
55,82.686
56,82.686
58,82.686
59,82.686
60,82.686
58,82.686
57,82.686
56,82.686
54,82.686
67,82.686
91,82.686
82,82.686
69,82.686
61,83.6394
56,83.6394
54,83.6394
54,83.6394
56,83.6394
57,83.6394
58,83.6394
56,83.6394
55,83.6394
54,83.6394
53,83.6394
75,83.6394
87,83.6394
76,83.6394
66,83.9339
59,83.9339
54,83.9339
53,83.9339
54,83.9339
57,83.9339
58,83.9339
57,83.9339
56,83.9339
54,83.9339
53,83.9339
67,83.9339
93,83.9339
85,83.9339
72,83.9339
64,83.3501
58,83.3501
56,83.3501
55,83.3501
59,83.3501
60,83.3501
60,83.3501
58,83.3501
57,83.3501
56,83.3501
63,83.3501
100,83.3501
93,83.3501
78,83.3501
68,82.7578
61,82.7578
57,82.7578
56,82.7578
58,82.7578
60,82.7578
60,82.7578
59,82.7578
58,82.7578
57,82.7578
57,82.7578
94,82.7578
100,82.7578
85,82.7578
75,83.0799
68,83.0799
62,83.0799
60,83.0799
61,83.0799
63,83.0799
62,83.0799
60,83.0799
60,83.0799
58,83.0799
57,83.0799
78,83.0799
100,83.0799
87,83.0799
74,83.0799
66,82.6381
60,82.6381
57,82.6381
58,82.6381
59,82.6381
59,82.6381
59,82.6381
58,82.6381
57,82.6381
55,82.6381
55,82.6381
86,82.6381
90,82.6381
77,82.6381
69,82.9479
62,82.9479
58,82.9479
55,82.9479
55,82.9479
55,82.9479
55,82.9479
55,82.9479
54,82.9479
53,82.9479
53,82.9479
55,82.9479
80,82.9479
82,82.9479
72,82.9479
65,82.7073
59,82.7073
55,82.7073
54,82.7073
55,82.7073
55,82.7073
55,82.7073
56,82.7073
56,82.7073
55,82.7073
55,82.7073
84,82.7073
90,82.7073
79,82.7073
69,84.1773
62,84.1773
56,84.1773
54,84.1773
55,84.1773
57,84.1773
57,84.1773
57,84.1773
56,84.1773
55,84.1773
54,84.1773
78,84.1773
97,84.1773
85,84.1773
73,84.1773
66,83.992
60,83.992
56,83.992
56,83.992
56,83.992
57,83.992
56,83.992
56,83.992
55,83.992
54,83.992
57,83.992
91,83.992
91,83.992
77,83.992
68,84.4141
61,84.4141
57,84.4141
55,84.4141
55,84.4141
57,84.4141
57,84.4141
57,84.4141
56,84.4141
55,84.4141
54,84.4141
69,84.4141
90,84.4141
82,84.4141
72,83.8642
65,83.8642
60,83.8642
56,83.8642
55,83.8642
55,83.8642
56,83.8642
56,83.8642
55,83.8642
54,83.8642
52,83.8642
58,83.8642
85,83.8642
82,83.8642
70,83.1179
62,83.1179
56,83.1179
53,83.1179
51,83.1179
51,83.1179
52,83.1179
52,83.1179
51,83.1179
51,83.1179
51,83.1179
53,83.1179
84,83.1179
86,83.1179
74,83.1179
65,82.4009
59,82.4009
55,82.4009
54,82.4009
55,82.4009
54,82.4009
54,82.4009
53,82.4009
53,82.4009
52,82.4009
51,82.4009
67,82.4009
86,82.4009
78,82.4009
69,80.6492
62,80.6492
56,80.6492
53,80.6492
52,80.6492
52,80.6492
52,80.6492
52,80.6492
51,80.6492
51,80.6492
50,80.6492
53,80.6492
81,80.6492
82,80.6492
71,80.6492
62,77.0259
57,77.0259
53,77.0259
52,77.0259
51,77.0259
52,77.0259
51,77.0259
51,77.0259
50,77.0259
50,77.0259
49,77.0259
71,77.0259
86,77.0259
77,77.0259
67,77.0259
60,77.0259
56,76.4477
54,76.4477
53,76.4477
53,76.4477
53,76.4477
53,76.4477
52,76.4477
52,76.4477
51,76.4477
51,76.4477
76,76.4477
86,76.4477
75,76.4477
68,76.4477
68,76.4477
68,76.4477
68,77.5307
68,77.5307
69,77.5307
68,77.5307
68,77.5307
68,77.5307
68,77.5307
68,77.5307
68,77.5307
68,77.5307
68,77.5307
68,77.5307
68,77.5307
61,77.5307
61,77.5307
61,77.476
61,77.476
61,77.476
61,77.476
61,77.476
61,77.476
61,77.476
61,77.476
61,77.476
61,77.476
61,77.476
61,77.476
61,77.476
61,77.476
57,77.476
60,77.476
57,76.823
55,76.823
54,76.823
54,76.823
54,76.823
54,76.823
53,76.823
52,76.823
51,76.823
51,76.823
72,76.823
80,76.823
70,76.823
62,76.823
57,76.823
53,76.2198
53,76.2198
50,76.2198
51,76.2198
52,76.2198
52,76.2198
52,76.2198
52,76.2198
51,76.2198
51,76.2198
61,76.2198
86,76.2198
82,76.2198
72,76.2198
65,76.2198
59,76.2198
54,75.1673
51,75.1673
51,75.1673
52,75.1673
52,75.1673
53,75.1673
53,75.1673
52,75.1673
50,75.1673
51,75.1673
83,75.1673
85,75.1673
74,75.1673
64,75.1673
58,75.1673
54,75.1673
51,75.1046
51,75.1046
51,75.1046
51,75.1046
51,75.1046
50,75.1046
48,75.1046
47,75.1046
46,75.1046
56,75.1046
85,75.1046
81,75.1046
69,75.1046
60,75.1046
54,75.1046
50,75.1046
48,75.1589
48,75.1589
48,75.1589
48,75.1589
47,75.1589
47,75.1589
47,75.1589
46,75.1589
45,75.1589
48,75.1589
74,75.1589
77,75.1589
67,75.1589
59,75.1589
52,75.1589
49,75.1589
48,73.3026
48,73.3026
48,73.3026
48,73.3026
47,73.3026
47,73.3026
46,73.3026
46,73.3026
45,73.3026
53,73.3026
80,73.3026
78,73.3026
67,73.3026
58,73.3026
53,73.3026
49,73.3026
47,72.452
46,72.452
46,72.452
47,72.452
48,72.452
47,72.452
47,72.452
46,72.452
45,72.452
55,72.452
81,72.452
78,72.452
67,72.452
60,72.452
54,72.452
49,72.452
47,72.452
47,70.6912
48,70.6912
49,70.6912
49,70.6912
49,70.6912
48,70.6912
48,70.6912
48,70.6912
49,70.6912
78,70.6912
82,70.6912
73,70.6912
64,70.6912
58,70.6912
53,70.6912
50,70.6912
50,70.6912
52,71.2329
52,71.2329
53,71.2329
54,71.2329
54,71.2329
53,71.2329
53,71.2329
52,71.2329
70,71.2329
93,71.2329
85,71.2329
75,71.2329
66,71.2329
60,71.2329
56,71.2329
56,71.2329
56,71.2329
56,71.4903
56,71.4903
56,71.4903
55,71.4903
54,71.4903
54,71.4903
52,71.4903
52,71.4903
72,71.4903
91,71.4903
83,71.4903
72,71.4903
65,71.4903
61,71.4903
57,71.4903
55,71.4903
55,71.9215
59,71.9215
60,71.9215
61,71.9215
62,71.9215
63,71.9215
64,71.9215
65,71.9215
65,71.9215
76,71.9215
92,71.9215
84,71.9215
74,71.9215
67,71.9215
62,71.9215
61,71.9215
61,71.9215
60,73.6056
60,73.6056
60,73.6056
60,73.6056
61,73.6056
61,73.6056
60,73.6056
61,73.6056
62,73.6056
65,73.6056
80,73.6056
77,73.6056
69,73.6056
63,73.6056
59,73.6056
58,73.6056
57,75.224
58,75.224
59,75.224
60,75.224
61,75.224
60,75.224
60,75.224
60,75.224
60,75.224
65,75.224
91,75.224
88,75.224
77,75.224
69,75.224
64,75.224
60,75.224
60,76.7893
63,76.7893
64,76.7893
64,76.7893
64,76.7893
63,76.7893
63,76.7893
63,76.7893
63,76.7893
64,76.7893
90,76.7893
94,76.7893
83,76.7893
72,76.7893
65,76.7893
61,76.7893
60,76.8237
60,76.8237
62,76.8237
64,76.8237
65,76.8237
64,76.8237
62,76.8237
62,76.8237
62,76.8237
62,76.8237
85,76.8237
91,76.8237
82,76.8237
72,76.8237
68,76.8237
59,76.8237
56,77.943
57,77.943
57,77.943
56,77.943
58,77.943
59,77.943
60,77.943
59,77.943
58,77.943
65,77.943
86,77.943
85,77.943
75,77.943
67,77.943
61,77.943
58,77.8106
56,77.8106
57,77.8106
59,77.8106
59,77.8106
60,77.8106
60,77.8106
59,77.8106
59,77.8106
60,77.8106
85,77.8106
92,77.8106
84,77.8106
75,77.8106
68,77.8106
62,76.9418
58,76.9418
57,76.9418
57,76.9418
59,76.9418
60,76.9418
60,76.9418
59,76.9418
59,76.9418
58,76.9418
70,76.9418
90,76.9418
88,76.9418
78,76.9418
70,76.9418
63,76.9418
59,77.1473
58,77.1473
58,77.1473
60,77.1473
60,77.1473
60,77.1473
59,77.1473
58,77.1473
57,77.1473
63,77.1473
91,77.1473
94,77.1473
85,77.1473
76,77.1473
69,77.1473
63,77.1473
60,76.8763
61,76.8763
62,76.8763
62,76.8763
62,76.8763
61,76.8763
60,76.8763
59,76.8763
58,76.8763
80,76.8763
97,76.8763
92,76.8763
83,76.8763
74,76.8763
66,76.8763
62,77.735
62,77.735
63,77.735
64,77.735
64,77.735
63,77.735
62,77.735
61,77.735
60,77.735
64,77.735
93,77.735
98,77.735
89,77.735
80,77.735
71,77.735
64,77.735
63,78.2961
63,78.2961
65,78.2961
65,78.2961
64,78.2961
63,78.2961
62,78.2961
60,78.2961
59,78.2961
72,78.2961
95,78.2961
94,78.2961
85,78.2961
76,78.2961
68,78.2961
63,78.6489
62,78.6489
65,78.6489
66,78.6489
66,78.6489
65,78.6489
63,78.6489
62,78.6489
60,78.6489
63,78.6489
90,78.6489
97,78.6489
90,78.6489
80,78.6489
71,78.6489
65,79.8142
63,79.8142
64,79.8142
66,79.8142
66,79.8142
65,79.8142
64,79.8142
62,79.8142
61,79.8142
60,79.8142
84,79.8142
100,79.8142
95,79.8142
85,79.8142
76,79.8142
68,84.0064
65,84.0064
66,84.0064
69,84.0064
70,84.0064
69,84.0064
68,84.0064
66,84.0064
64,84.0064
62,84.0064
78,84.0064
103,84.0064
101,84.0064
90,84.0064
81,84.0634
72,84.0634
68,84.0634
68,84.0634
71,84.0634
72,84.0634
71,84.0634
69,84.0634
67,84.0634
65,84.0634
64,84.0634
92,84.0634
111,84.0634
106,84.0634
97,84.0634
87,86.1871
78,86.1871
73,86.1871
74,86.1871
78,86.1871
77,86.1871
75,86.1871
72,86.1871
71,86.1871
68,86.1871
82,86.1871
110,86.1871
112,86.1871
101,86.1871
91,82.2471
82,82.2471
76,82.2471
76,82.2471
80,82.2471
80,82.2471
78,82.2471
75,82.2471
73,82.2471
70,82.2471
71,82.2471
101,82.2471
113,82.2471
105,82.2471
95,76.1032
85,76.1032
77,76.1032
78,76.1032
82,76.1032
83,76.1032
79,76.1032
77,76.1032
75,76.1032
72,76.1032
83,76.1032
116,76.1032
120,76.1032
110,76.1032
100,76.1032
90,76.1032
83,75.2435
83,75.2435
87,75.2435
86,75.2435
83,75.2435
80,75.2435
77,75.2435
75,75.2435
73,75.2435
101,75.2435
124,75.2435
119,75.2435
105,75.2435
98,75.2435
99,75.2435
99,75.2435
99,72.9129
99,72.9129
98,72.9129
99,72.9129
99,72.9129
99,72.9129
99,72.9129
99,72.9129
99,72.9129
99,72.9129
98,72.9129
98,72.9129
92,72.9129
89,72.9129
89,72.9129
89,72.9129
89,74.0801
89,74.0801
89,74.0801
89,74.0801
89,74.0801
89,74.0801
89,74.0801
89,74.0801
89,74.0801
89,74.0801
89,74.0801
89,74.0801
88,74.0801
88,74.0801
80,74.0801
78,74.0801
82,74.0801
83,78.1524
80,78.1524
76,78.1524
73,78.1524
70,78.1524
67,78.1524
66,78.1524
64,78.1524
86,78.1524
117,78.1524
116,78.1524
103,78.1524
93,78.1524
83,78.1524
78,78.1524
80,75.7742
83,75.7742
81,75.7742
78,75.7742
75,75.7742
72,75.7742
69,75.7742
67,75.7742
64,75.7742
70,75.7742
104,75.7742
116,75.7742
104,75.7742
92,75.7742
82,75.7742
75,75.7742
77,75.2412
82,75.2412
83,75.2412
79,75.2412
76,75.2412
72,75.2412
70,75.2412
67,75.2412
69,75.2412
102,75.2412
121,75.2412
112,75.2412
99,75.2412
91,75.2412
81,75.2412
80,75.2412
85,76.6144
86,76.6144
82,76.6144
78,76.6144
75,76.6144
73,76.6144
71,76.6144
69,76.6144
76,76.6144
113,76.6144
124,76.6144
112,76.6144
101,76.6144
92,76.6144
84,76.6144
85,83.0997
89,83.0997
89,83.0997
84,83.0997
82,83.0997
77,83.0997
75,83.0997
73,83.0997
72,83.0997
78,83.0997
116,83.0997
125,83.0997
113,83.0997
102,83.0997
93,83.0997
86,86.4064
88,86.4064
92,86.4064
90,86.4064
85,86.4064
81,86.4064
78,86.4064
77,86.4064
75,86.4064
73,86.4064
91,86.4064
125,86.4064
124,86.4064
110,86.4064
101,78.9681
90,78.9681
86,78.9681
90,78.9681
91,78.9681
88,78.9681
84,78.9681
81,78.9681
79,78.9681
75,78.9681
75,78.9681
103,78.9681
125,78.9681
116,78.9681
103,78.9681
94,65.0578
86,65.0578
88,65.0578
93,65.0578
91,65.0578
86,65.0578
83,65.0578
80,65.0578
77,65.0578
82,65.0578
118,65.0578
130,65.0578
117,65.0578
106,65.0578
96,65.0578
88,65.0578
92,65.0578
95,65.0578
92,61.4884
86,61.4884
83,61.4884
81,61.4884
79,61.4884
76,61.4884
80,61.4884
117,61.4884
132,61.4884
120,61.4884
109,61.4884
98,61.4884
90,61.4884
91,61.4884
95,61.4884
94,61.4884
89,61.4884
85,61.4884
82,61.4884
79,61.4884
76,60.7299
75,60.7299
74,60.7299
73,60.7299
71,60.7299
94,60.7299
128,60.7299
125,60.7299
108,60.7299
100,60.7299
100,60.7299
101,60.7299
101,60.7299
101,60.7299
101,60.7299
101,60.7299
100,60.7299
101,60.7299
101,60.7299
101,60.7299
101,60.7899
101,60.7899
101,60.7899
101,60.7899
101,60.7899
101,60.7899
100,60.7899
101,60.7899
90,60.7899
89,60.7899
89,60.7899
90,60.7899
90,60.7899
90,60.7899
90,60.7899
90,60.7899
90,60.7899
90,60.7899
90,60.7899
90,63.4617
90,63.4617
89,63.4617
90,63.4617
90,63.4617
90,63.4617
90,63.4617
89,63.4617
90,63.4617
86,63.4617
88,63.4617
80,63.4617
81,63.4617
86,63.4617
85,63.4617
81,63.4617
76,63.4617
74,63.4617
71,63.4617
69,60.3392
68,60.3392
66,60.3392
65,60.3392
64,60.3392
63,60.3392
69,60.3392
100,60.3392
115,60.3392
104,60.3392
91,60.3392
81,60.3392
73,60.3392
76,60.3392
83,60.3392
82,60.3392
78,60.3392
75,60.3392
72,60.3392
70,60.3392
68,57.7327
67,57.7327
66,57.7327
65,57.7327
64,57.7327
83,57.7327
115,57.7327
118,57.7327
104,57.7327
93,57.7327
85,57.7327
78,57.7327
83,57.7327
88,57.7327
85,57.7327
81,57.7327
78,57.7327
75,57.7327
72,57.7327
71,57.7327
69,57.7327
68,56.8353
67,56.8353
67,56.8353
66,56.8353
86,56.8353
116,56.8353
116,56.8353
102,56.8353
92,56.8353
84,56.8353
80,56.8353
84,56.8353
88,56.8353
86,56.8353
81,56.8353
78,56.8353
75,56.8353
73,56.8353
71,56.8353
70,56.8353
68,56.8353
68,60.8837
67,60.8837
66,60.8837
67,60.8837
92,60.8837
118,60.8837
114,60.8837
99,60.8837
90,60.8837
83,60.8837
80,60.8837
86,60.8837
89,60.8837
85,60.8837
81,60.8837
77,60.8837
75,60.8837
73,60.8837
72,60.8837
70,60.8837
69,62.0884
68,62.0884
68,62.0884
67,62.0884
66,62.0884
86,62.0884
115,62.0884
114,62.0884
101,62.0884
92,62.0884
84,62.0884
80,62.0884
85,62.0884
90,62.0884
87,62.0884
82,62.0884
78,62.0884
75,62.0884
73,62.0884
72,56.1243
71,56.1243
71,56.1243
71,56.1243
70,56.1243
69,56.1243
91,56.1243
118,56.1243
114,56.1243
98,56.1243
88,56.1243
79,56.1243
80,56.1243
87,56.1243
90,56.1243
85,56.1243
81,56.1243
77,56.1243
75,56.1243
73,56.1243
72,56.1243
71,56.1243
70,56.257
70,56.257
69,56.257
94,56.257
122,56.257
120,56.257
106,56.257
97,56.257
91,56.257
87,56.257
90,56.257
94,56.257
91,56.257
86,56.257
82,56.257
79,56.257
77,56.257
75,56.257
74,56.257
74,56.257
72,56.257
71,53.1464
70,53.1464
69,53.1464
78,53.1464
114,53.1464
124,53.1464
111,53.1464
99,53.1464
93,53.1464
87,53.1464
88,53.1464
94,53.1464
93,53.1464
88,53.1464
83,53.1464
80,53.1464
78,53.1464
76,53.1464
75,53.1464
74,53.1464
73,53.1464
72,53.1464
71,50.2321
69,50.2321
71,50.2321
100,50.2321
123,50.2321
116,50.2321
103,50.2321
96,50.2321
88,50.2321
87,50.2321
92,50.2321
94,50.2321
90,50.2321
85,50.2321
82,50.2321
79,50.2321
77,50.2321
76,50.2321
74,50.2321
74,50.2321
72,50.2321
71,50.2321
71,50.2321
70,50.2321
68,50.6769
79,50.6769
112,50.6769
122,50.6769
111,50.6769
96,50.6769
96,50.6769
96,50.6769
96,50.6769
96,50.6769
96,50.6769
96,50.6769
96,50.6769
96,50.6769
96,50.6769
96,50.6769
96,50.6769
96,50.6769
96,50.6769
96,50.6769
97,50.6769
96,50.6769
96,50.6769
96,50.6769
97,50.799
96,50.799
96,50.799
96,50.799
96,50.799
87,50.799
86,50.799
86,50.799
86,50.799
86,50.799
86,50.799
86,50.799
86,50.799
86,50.799
86,50.799
86,50.799
86,50.799
86,50.799
86,50.799
86,50.799
86,50.799
86,50.799
87,50.799
86,50.799
86,52.5747
86,52.5747
86,52.5747
86,52.5747
86,52.5747
82,52.5747
92,52.5747
87,52.5747
89,52.5747
92,52.5747
89,52.5747
84,52.5747
80,52.5747
78,52.5747
76,52.5747
74,52.5747
73,52.5747
72,52.5747
71,52.5747
70,52.5747
69,52.5747
68,52.5747
67,52.9052
66,52.9052
67,52.9052
88,52.9052
112,52.9052
109,52.9052
95,52.9052
86,52.9052
80,52.9052
79,52.9052
85,52.9052
88,52.9052
85,52.9052
81,52.9052
78,52.9052
75,52.9052
73,52.9052
72,52.9052
71,52.9052
70,52.9052
70,52.9052
68,52.9052
68,52.9052
67,54.8991
66,54.8991
75,54.8991
104,54.8991
117,54.8991
108,54.8991
97,54.8991
91,54.8991
86,54.8991
85,54.8991
90,54.8991
91,54.8991
86,54.8991
82,54.8991
80,54.8991
77,54.8991
76,54.8991
74,54.8991
73,54.8991
72,54.8991
71,54.8991
70,54.8991
69,55.9776
68,55.9776
67,55.9776
80,55.9776
110,55.9776
115,55.9776
104,55.9776
95,55.9776
89,55.9776
85,55.9776
86,55.9776
91,55.9776
89,55.9776
85,55.9776
82,55.9776
79,55.9776
77,55.9776
75,55.9776
73,55.9776
73,55.9776
72,55.9776
71,55.2797
71,55.2797
70,55.2797
68,55.2797
82,55.2797
108,55.2797
114,55.2797
102,55.2797
93,55.2797
87,55.2797
83,55.2797
86,55.2797
90,55.2797
89,55.2797
84,55.2797
81,55.2797
79,55.2797
77,55.2797
75,55.2797
74,55.2797
73,55.2797
72,55.2797
71,63.6569
70,63.6569
69,63.6569
77,63.6569
105,63.6569
118,63.6569
110,63.6569
99,63.6569
94,63.6569
89,63.6569
89,63.6569
93,63.6569
93,63.6569
89,63.6569
85,63.6569
82,63.6569
80,63.6569
78,63.6569
77,63.6569
75,71.426
74,71.426
73,71.426
73,71.426
71,71.426
70,71.426
85,71.426
113,71.426
117,71.426
107,71.426
99,71.426
93,71.426
89,71.426
90,71.426
94,71.426
93,71.426
88,71.426
85,71.4569
82,71.4569
80,71.4569
78,71.4569
77,71.4569
76,71.4569
75,71.4569
74,71.4569
90,71.4569
117,71.4569
119,71.4569
107,71.4569
99,71.4569
94,71.4569
92,71.4569
92,71.4569
96,71.4569
93,61.0529
89,61.0529
85,61.0529
82,61.0529
80,61.0529
78,61.0529
77,61.0529
76,61.0529
92,61.0529
117,61.0529
119,61.0529
105,61.0529
97,61.0529
90,61.0529
88,61.0529
93,61.0529
95,61.0529
91,61.0529
87,61.0529
84,55.6807
82,55.6807
80,55.6807
79,55.6807
77,55.6807
83,55.6807
112,55.6807
126,55.6807
117,55.6807
108,55.6807
103,55.6807
96,55.6807
96,55.6807
99,55.6807
98,55.6807
94,55.6807
89,55.6807
87,55.6807
85,55.6807
83,55.6807
82,55.6807
80,55.6807
79,54.6105
77,54.6105
76,54.6105
92,54.6105
120,54.6105
124,54.6105
112,54.6105
105,54.6105
100,54.6105
96,54.6105
98,54.6105
100,54.6105
97,54.6105
92,54.6105
89,54.6105
87,54.6105
85,54.6105
83,54.6105
82,54.6105
80,54.6105
79,54.6105
78,54.6105
77,54.5238
75,54.5238
77,54.5238
103,54.5238
125,54.5238
119,54.5238
108,54.5238
102,54.5238
95,54.5238
95,54.5238
99,54.5238
99,54.5238
95,54.5238
91,54.5238
88,54.5238
86,54.5238
84,54.5238
83,54.5238
81,54.5238
80,54.5238
78,54.5238
78,54.5238
76,55.8685
74,55.8685
76,55.8685
102,55.8685
125,55.8685
119,55.8685
107,55.8685
100,55.8685
95,55.8685
94,55.8685
98,55.8685
99,55.8685
94,55.8685
90,55.8685
87,55.8685
85,55.8685
83,55.8685
82,55.8685
81,55.8685
79,55.8685
78,55.8685
77,57.5956
76,57.5956
74,57.5956
76,57.5956
99,57.5956
126,57.5956
119,57.5956
106,57.5956
98,57.5956
94,57.5956
92,57.5956
96,57.5956
98,57.5956
94,57.5956
89,57.5956
86,57.5956
84,57.5956
82,57.5956
81,57.5956
80,57.5956
79,57.5956
77,56.5644
76,56.5644
75,56.5644
73,56.5644
79,56.5644
109,56.5644
122,56.5644
111,56.5644
99,56.5644
93,56.5644
88,56.5644
91,56.5644
96,56.5644
94,56.5644
90,56.5644
86,56.5644
83,56.5644
82,56.5644
80,56.5644
79,56.5644
78,56.5644
77,59.8833
76,59.8833
74,59.8833
74,59.8833
91,59.8833
120,59.8833
122,59.8833
110,59.8833
103,59.8833
97,59.8833
93,59.8833
96,59.8833
99,59.8833
96,59.8833
91,59.8833
88,59.8833
85,59.8833
84,59.8833
82,59.8833
81,59.8833
80,68.9279
79,68.9279
78,68.9279
76,68.9279
74,68.9279
85,68.9279
113,68.9279
123,68.9279
112,68.9279
103,68.9279
99,68.9279
94,68.9279
96,68.9279
99,68.9279
97,68.9279
92,68.9279
89,68.9279
86,68.9279
85,68.1465
83,68.1465
82,68.1465
80,68.1465
79,68.1465
78,68.1465
77,68.1465
85,68.1465
112,68.1465
124,68.1465
113,68.1465
105,68.1465
100,68.1465
95,68.1465
96,68.1465
99,68.1465
98,68.1465
93,69.1124
89,69.1124
87,69.1124
85,69.1124
84,69.1124
83,69.1124
81,69.1124
81,69.1124
101,69.1124
124,69.1124
121,69.1124
111,69.1124
105,69.1124
99,69.1124
97,69.1124
100,69.1124
100,69.1124
96,69.1124
92,72.7418
89,72.7418
87,72.7418
85,72.7418
84,72.7418
82,72.7418
80,72.7418
85,72.7418
111,72.7418
126,72.7418
117,72.7418
108,72.7418
102,72.7418
97,72.7418
99,72.7418
103,72.7418
99,63.7236
94,63.7236
91,63.7236
89,63.7236
88,63.7236
86,63.7236
85,63.7236
83,63.7236
85,63.7236
111,63.7236
131,63.7236
124,63.7236
110,63.7236
107,63.7236
107,63.7236
107,63.7236
107,63.7236
107,63.7236
107,63.7236
107,59.0839
107,59.0839
107,59.0839
107,59.0839
107,59.0839
107,59.0839
107,59.0839
107,59.0839
107,59.0839
107,59.0839
113,59.0839
116,59.0839
116,59.0839
116,59.0839
116,59.0839
116,59.0839
116,59.0839
116,59.0839
116,59.0839
116,59.0839
116,57.8155
116,57.8155
116,57.8155
116,57.8155
116,57.8155
116,57.8155
116,57.8155
116,57.8155
113,57.8155
102,57.8155
102,57.8155
102,57.8155
102,57.8155
102,57.8155
102,57.8155
102,57.8155
102,57.8155
102,57.8155
102,57.8155
102,57.8155
102,57.8155
102,57.2534
102,57.2534
102,57.2534
102,57.2534
102,57.2534
102,57.2534
102,57.2534
102,57.2534
101,57.2534
101,57.2534
97,57.2534
96,57.2534
98,57.2534
95,57.2534
91,57.2534
88,57.2534
86,57.2534
85,57.2534
83,57.2534
82,57.2534
81,57.2534
80,59.0293
79,59.0293
77,59.0293
77,59.0293
91,59.0293
117,59.0293
121,59.0293
111,59.0293
105,59.0293
99,59.0293
94,59.0293
96,59.0293
97,59.0293
94,59.0293
90,59.0293
87,59.0293
85,59.0293
83,59.0293
81,59.0293
80,59.0293
79,54.2408
78,54.2408
77,54.2408
76,54.2408
74,54.2408
83,54.2408
108,54.2408
117,54.2408
107,54.2408
99,54.2408
92,54.2408
89,54.2408
93,54.2408
94,54.2408
91,54.2408
87,54.2408
84,54.2408
82,54.2408
81,54.2408
79,54.2408
78,54.2408
77,54.2408
76,54.2408
75,55.3491
73,55.3491
82,55.3491
108,55.3491
121,55.3491
114,55.3491
106,55.3491
101,55.3491
95,55.3491
95,55.3491
97,55.3491
96,55.3491
91,55.3491
87,55.3491
85,55.3491
83,55.3491
82,55.3491
81,55.3491
79,55.3491
78,55.3491
77,55.3491
76,58.0829
75,58.0829
73,58.0829
78,58.0829
103,58.0829
120,58.0829
114,58.0829
105,58.0829
100,58.0829
94,58.0829
93,58.0829
96,58.0829
95,58.0829
91,58.0829
87,58.0829
85,58.0829
83,58.0829
82,58.0829
80,58.0829
79,58.0829
77,58.0829
76,60.3227
75,60.3227
74,60.3227
73,60.3227
82,60.3227
109,60.3227
119,60.3227
110,60.3227
103,60.3227
97,60.3227
92,60.3227
94,60.3227
96,60.3227
94,60.3227
89,60.3227
86,60.3227
83,60.3227
81,60.3227
80,60.3227
79,60.3227
77,57.6197
77,57.6197
76,57.6197
74,57.6197
73,57.6197
83,57.6197
108,57.6197
115,57.6197
104,57.6197
96,57.6197
89,57.6197
87,57.6197
91,57.6197
94,57.6197
90,57.6197
86,57.6197
83,57.6197
81,57.6197
79,57.6197
78,57.6197
77,57.6197
76,57.6362
75,57.6362
74,57.6362
75,57.6362
96,57.6362
118,57.6362
116,57.6362
107,57.6362
102,57.6362
96,57.6362
94,57.6362
96,57.6362
97,57.6362
93,57.6362
88,57.6362
85,57.6362
83,57.6362
82,57.6362
80,57.6362
79,57.6362
78,57.1188
77,57.1188
76,57.1188
74,57.1188
78,57.1188
103,57.1188
121,57.1188
116,57.1188
108,57.1188
104,57.1188
97,57.1188
96,57.1188
97,57.1188
97,57.1188
93,57.1188
89,57.1188
86,57.1188
84,57.1188
83,57.1188
81,57.1188
80,57.1188
79,56.4738
78,56.4738
76,56.4738
75,56.4738
81,56.4738
106,56.4738
122,56.4738
115,56.4738
107,56.4738
102,56.4738
96,56.4738
96,56.4738
98,56.4738
97,56.4738
92,56.4738
88,56.4738
86,56.4738
84,56.4738
83,56.4738
81,56.4738
80,56.4738
78,56.4738
78,61.0497
77,61.0497
75,61.0497
80,61.0497
106,61.0497
121,61.0497
115,61.0497
106,61.0497
102,61.0497
96,61.0497
96,61.0497
98,61.0497
97,61.0497
92,61.0497
89,61.0497
86,61.0497
84,61.0497
83,61.0497
81,61.0497
80,58.8884
78,58.8884
77,58.8884
77,58.8884
75,58.8884
75,58.8884
94,58.8884
117,58.8884
116,58.8884
106,58.8884
100,58.8884
93,58.8884
93,58.8884
97,58.8884
98,58.8884
93,58.8884
88,58.8884
86,58.8884
84,58.8884
82,58.8884
80,58.8884
79,60.4324
78,60.4324
77,60.4324
75,60.4324
83,60.4324
109,60.4324
121,60.4324
114,60.4324
107,60.4324
103,60.4324
96,60.4324
97,60.4324
99,60.4324
97,60.4324
92,60.4324
89,60.4324
86,60.4324
84,60.4324
83,60.4324
81,60.4324
80,66.0457
79,66.0457
78,66.0457
76,66.0457
78,66.0457
100,66.0457
121,66.0457
118,66.0457
110,66.0457
105,66.0457
99,66.0457
97,66.0457
99,66.0457
99,66.0457
95,66.0457
90,66.0457
88,66.0457
86,66.0457
84,71.4235
82,71.4235
81,71.4235
80,71.4235
79,71.4235
77,71.4235
80,71.4235
103,71.4235
123,71.4235
118,71.4235
109,71.4235
104,71.4235
98,71.4235
97,71.4235
100,71.4235
98,71.4235
94,71.4235
90,56.4943
87,56.4943
85,56.4943
84,56.4943
83,56.4943
81,56.4943
79,56.4943
80,56.4943
99,56.4943
122,56.4943
120,56.4943
111,56.4943
107,56.4943
99,56.4943
97,56.4943
100,56.4943
99,56.4943
94,56.4943
90,56.4943
88,56.4943
86,56.4943
84,53.6673
82,53.6673
80,53.6673
83,53.6673
107,53.6673
125,53.6673
119,53.6673
111,53.6673
106,53.6673
98,53.6673
98,53.6673
101,53.6673
98,53.6673
94,53.6673
90,53.6673
87,53.6673
85,53.6673
84,53.6673
82,53.6673
81,53.6673
79,53.6673
78,53.6673
77,58.4753
75,58.4753
77,58.4753
100,58.4753
122,58.4753
118,58.4753
109,58.4753
104,58.4753
97,58.4753
95,58.4753
98,58.4753
98,58.4753
93,58.4753
89,58.4753
86,58.4753
84,58.4753
83,58.4753
81,58.4753
80,58.4753
79,58.4753
77,58.4753
76,66.3976
75,66.3976
74,66.3976
72,66.3976
85,66.3976
113,66.3976
120,66.3976
108,66.3976
101,66.3976
95,66.3976
91,66.3976
94,66.3976
96,66.3976
93,66.3976
89,66.3976
85,66.3976
83,66.3976
81,66.3976
80,71.6938
78,71.6938
77,71.6938
77,71.6938
76,71.6938
74,71.6938
74,71.6938
95,71.6938
117,71.6938
115,71.6938
104,71.6938
98,71.6938
92,71.6938
91,71.6938
94,71.6938
94,71.6938
90,66.6475
85,66.6475
83,66.6475
81,66.6475
79,66.6475
78,66.6475
77,66.6475
75,66.6475
76,66.6475
99,66.6475
122,66.6475
116,66.6475
107,66.6475
102,66.6475
96,66.6475
93,66.6475
96,66.6475
95,66.6475
91,58.7393
87,58.7393
84,58.7393
82,58.7393
80,58.7393
79,58.7393
77,58.7393
82,58.7393
107,58.7393
120,58.7393
114,58.7393
106,58.7393
101,58.7393
94,58.7393
94,58.7393
96,58.7393
95,58.7393
90,58.7393
87,58.7393
84,58.7393
82,58.7393
80,59.0316
79,59.0316
78,59.0316
76,59.0316
82,59.0316
107,59.0316
121,59.0316
114,59.0316
106,59.0316
100,59.0316
94,59.0316
94,59.0316
97,59.0316
94,59.0316
90,59.0316
86,59.0316
84,59.0316
82,59.0316
80,59.0316
79,59.0316
77,64.3221
76,64.3221
76,64.3221
74,64.3221
74,64.3221
94,64.3221
117,64.3221
116,64.3221
106,64.3221
101,64.3221
94,64.3221
92,64.3221
95,64.3221
95,64.3221
91,64.3221
87,64.3221
84,64.3221
82,64.3221
80,64.3221
78,61.9244
77,61.9244
76,61.9244
75,61.9244
74,61.9244
72,61.9244
77,61.9244
102,61.9244
115,61.9244
106,61.9244
97,61.9244
90,61.9244
86,61.9244
90,61.9244
93,61.9244
90,61.9244
85,61.9244
82,61.9244
80,61.9244
78,59.3438
77,59.3438
75,59.3438
75,59.3438
73,59.3438
74,59.3438
96,59.3438
118,59.3438
117,59.3438
107,59.3438
103,59.3438
96,59.3438
93,59.3438
95,59.3438
96,59.3438
92,59.3438
88,59.3438
85,59.3438
82,59.3438
80,59.3438
79,59.3438
77,58.6451
76,58.6451
75,58.6451
74,58.6451
85,58.6451
111,58.6451
120,58.6451
111,58.6451
104,58.6451
98,58.6451
93,58.6451
93,58.6451
95,58.6451
93,58.6451
89,58.6451
85,58.6451
83,58.6451
81,58.6451
79,58.6451
78,58.6451
77,56.4142
75,56.4142
74,56.4142
73,56.4142
78,56.4142
104,56.4142
119,56.4142
112,56.4142
103,56.4142
98,56.4142
92,56.4142
92,56.4142
95,56.4142
94,56.4142
89,56.4142
86,56.4142
83,56.4142
81,56.4142
79,56.4142
78,56.4142
77,56.4142
76,58.7723
75,58.7723
73,58.7723
73,58.7723
90,58.7723
114,58.7723
117,58.7723
106,58.7723
100,58.7723
94,58.7723
91,58.7723
94,58.7723
95,58.7723
91,58.7723
87,58.7723
84,58.7723
82,58.7723
80,58.7723
78,58.7723
77,58.7723
76,58.7723
75,61.3137
74,61.3137
73,61.3137
71,61.3137
81,61.3137
107,61.3137
117,61.3137
108,61.3137
100,61.3137
95,61.3137
89,61.3137
91,61.3137
94,61.3137
92,61.3137
88,61.3137
84,61.3137
82,61.3137
79,61.3137
78,61.3137
76,60.4547
75,60.4547
74,60.4547
73,60.4547
72,60.4547
71,60.4547
89,60.4547
111,60.4547
111,60.4547
99,60.4547
92,60.4547
92,60.4547
92,60.4547
92,60.4547
92,60.4547
92,60.4547
92,60.4547
92,60.4547
92,60.4547
92,60.4547
92,61.5932
92,61.5932
92,61.5932
92,61.5932
92,61.5932
92,61.5932
92,61.5932
92,61.5932
92,61.5932
98,61.5932
101,61.5932
100,61.5932
100,61.5932
100,61.5932
100,61.5932
100,61.5932
100,61.5932
100,61.5932
101,61.5932
100,61.5932
100,70.3615
100,70.3615
100,70.3615
100,70.3615
100,70.3615
100,70.3615
100,70.3615
100,70.3615
100,70.3615
109,70.3615
108,70.3615
108,70.3615
108,70.3615
108,70.3615
108,70.3615
109,70.3615
108,70.3615
108,76.3099
108,76.3099
109,76.3099
108,76.3099
108,76.3099
109,76.3099
108,76.3099
108,76.3099
108,76.3099
108,76.3099
108,76.3099
91,76.3099
91,76.3099
91,76.3099
92,76.3099
92,77.2024
92,77.2024
92,77.2024
92,77.2024
92,77.2024
92,77.2024
91,77.2024
92,77.2024
91,77.2024
92,77.2024
92,77.2024
92,77.2024
92,77.2024
92,77.2024
91,77.2024
95,77.2024
97,63.193
98,63.193
96,63.193
91,63.193
87,63.193
84,63.193
82,63.193
80,63.193
78,63.193
82,63.193
103,63.193
116,63.193
109,63.193
101,63.193
94,63.193
89,63.193
90,63.193
94,63.193
91,63.193
87,55.3116
84,55.3116
82,55.3116
81,55.3116
79,55.3116
79,55.3116
96,55.3116
119,55.3116
118,55.3116
109,55.3116
104,55.3116
96,55.3116
94,55.3116
96,55.3116
95,55.3116
92,55.3116
88,55.3116
86,55.3116
84,55.3116
82,55.3116
81,55.3116
80,55.3116
78,55.6754
76,55.6754
79,55.6754
104,55.6754
124,55.6754
118,55.6754
110,55.6754
105,55.6754
98,55.6754
95,55.6754
98,55.6754
96,55.6754
92,55.6754
89,55.6754
87,55.6754
85,55.6754
83,55.6754
82,55.6754
80,55.6754
79,55.6754
78,55.6754
77,56.8984
75,56.8984
73,56.8984
79,56.8984
106,56.8984
121,56.8984
114,56.8984
105,56.8984
100,56.8984
93,56.8984
93,56.8984
96,56.8984
94,56.8984
90,56.8984
86,56.8984
84,56.8984
82,56.8984
81,56.8984
80,56.8984
78,56.8984
77,56.8984
76,57.1093
75,57.1093
73,57.1093
72,57.1093
86,57.1093
112,57.1093
118,57.1093
108,57.1093
100,57.1093
94,57.1093
90,57.1093
92,57.1093
94,57.1093
91,57.1093
87,57.1093
84,57.1093
82,57.1093
80,57.1093
79,57.1093
78,57.1093
76,57.1093
75,55.7701
74,55.7701
73,55.7701
71,55.7701
82,55.7701
108,55.7701
117,55.7701
107,55.7701
99,55.7701
93,55.7701
89,55.7701
90,55.7701
93,55.7701
90,55.7701
86,55.7701
83,55.7701
81,55.7701
79,55.7701
78,55.7701
77,55.7701
76,55.7701
75,55.7701
74,56.2623
72,56.2623
71,56.2623
81,56.2623
107,56.2623
116,56.2623
107,56.2623
99,56.2623
93,56.2623
88,56.2623
90,56.2623
92,56.2623
90,56.2623
86,56.2623
83,56.2623
81,56.2623
80,56.2623
78,56.2623
77,56.2623
76,56.2623
75,56.2623
74,59.7172
73,59.7172
71,59.7172
72,59.7172
93,59.7172
115,59.7172
112,59.7172
102,59.7172
96,59.7172
90,59.7172
89,59.7172
92,59.7172
92,59.7172
89,59.7172
85,59.7172
82,59.7172
80,59.7172
79,59.7172
78,59.7172
76,59.7172
76,58.1928
74,58.1928
73,58.1928
72,58.1928
70,58.1928
80,58.1928
105,58.1928
114,58.1928
104,58.1928
95,58.1928
89,58.1928
85,58.1928
89,58.1928
92,58.1928
90,58.1928
85,58.1928
82,58.1928
80,58.1928
78,58.1928
77,58.1928
76,58.1928
75,58.2646
74,58.2646
73,58.2646
72,58.2646
84,58.2646
110,58.2646
117,58.2646
108,58.2646
95,58.2646
95,58.2646
95,58.2646
95,58.2646
95,58.2646
95,58.2646
95,58.2646
95,58.2646
95,58.2646
95,58.2646
95,58.2646
95,58.2646
95,58.3462
95,58.3462
95,58.3462
95,58.3462
95,58.3462
95,58.3462
95,58.3462
95,58.3462
95,58.3462
104,58.3462
104,58.3462
104,58.3462
104,58.3462
104,58.3462
104,58.3462
104,58.3462
104,58.3462
104,58.3462
104,58.3462
104,58.3462
104,58.3462
104,65.4469
104,65.4469
104,65.4469
104,65.4469
104,65.4469
104,65.4469
104,65.4469
104,65.4469
90,65.4469
91,65.4469
90,65.4469
91,65.4469
91,65.4469
90,65.4469
91,65.4469
91,65.4469
91,65.4469
91,65.4469
90,61.7636
91,61.7636
91,61.7636
91,61.7636
91,61.7636
91,61.7636
91,61.7636
91,61.7636
90,61.7636
91,61.7636
91,61.7636
90,61.7636
95,61.7636
91,61.7636
93,61.7636
94,61.7636
90,61.7636
85,61.7636
82,61.7636
80,61.7636
79,57.1909
78,57.1909
77,57.1909
75,57.1909
74,57.1909
81,57.1909
104,57.1909
115,57.1909
107,57.1909
98,57.1909
94,57.1909
89,57.1909
