102,74.4643
115,74.4643
99,74.4643
91,74.4643
84,74.4643
79,74.4643
86,74.4643
92,74.4643
91,74.4643
88,74.4643
85,74.4643
82,74.4643
82,69.8526
79,69.8526
73,69.8526
71,69.8526
104,69.8526
122,69.8526
103,69.8526
94,69.8526
87,69.8526
81,69.8526
86,69.8526
90,69.8526
86,69.8526
81,69.8526
78,69.8526
75,69.8526
74,69.8526
72,65.9269
71,65.9269
69,65.9269
69,65.9269
100,65.9269
125,65.9269
107,65.9269
97,65.9269
89,65.9269
82,65.9269
85,65.9269
90,65.9269
87,65.9269
82,65.9269
79,65.9269
76,65.9269
74,65.9269
72,65.9269
70,67.3887
69,67.3887
67,67.3887
66,67.3887
85,67.3887
121,67.3887
107,67.3887
94,67.3887
87,67.3887
78,67.3887
81,67.3887
88,67.3887
86,67.3887
81,67.3887
77,67.3887
75,67.3887
72,67.3887
71,67.3887
69,67.011
68,67.011
66,67.011
65,67.011
89,67.011
121,67.011
104,67.011
91,67.011
84,67.011
77,67.011
79,67.011
86,67.011
84,67.011
79,67.011
75,67.011
72,67.011
70,67.011
69,67.011
67,69.721
66,69.721
64,69.721
64,69.721
90,69.721
120,69.721
100,69.721
88,69.721
84,69.721
83,69.721
91,69.721
90,69.721
80,69.721
74,69.721
70,69.721
70,69.721
69,69.721
67,73.7244
66,73.7244
64,73.7244
61,73.7244
75,73.7244
111,73.7244
104,73.7244
87,73.7244
80,73.7244
72,73.7244
74,73.7244
81,73.7244
80,73.7244
75,73.7244
72,73.7244
69,73.7244
67,72.3626
66,72.3626
65,72.3626
62,72.3626
70,72.3626
106,72.3626
109,72.3626
90,72.3626
83,72.3626
75,72.3626
73,72.3626
79,72.3626
81,72.3626
76,72.3626
72,72.3626
69,72.3626
67,72.3626
66,69.0667
65,69.0667
63,69.0667
63,69.0667
91,69.0667
115,69.0667
98,69.0667
88,69.0667
82,69.0667
74,69.0667
77,69.0667
82,69.0667
80,69.0667
76,69.0667
72,69.0667
70,69.0667
68,69.0667
66,68.6983
65,68.6983
63,68.6983
61,68.6983
76,68.6983
110,68.6983
104,68.6983
90,68.6983
84,68.6983
76,68.6983
75,68.6983
81,68.6983
82,68.6983
77,68.6983
73,68.6983
70,68.6983
68,68.6983
67,68.6983
66,69.5173
64,69.5173
63,69.5173
63,69.5173
91,69.5173
112,69.5173
95,69.5173
84,69.5173
78,69.5173
73,69.5173
78,69.5173
83,69.5173
79,69.5173
74,69.5173
71,69.5173
69,69.5173
67,69.5173
66,69.4257
65,69.4257
63,69.4257
62,69.4257
83,69.4257
112,69.4257
100,69.4257
89,69.4257
83,69.4257
76,69.4257
77,69.4257
82,69.4257
81,69.4257
77,69.4257
73,69.4257
70,69.4257
68,69.4257
67,67.7489
65,67.7489
64,67.7489
62,67.7489
73,67.7489
107,67.7489
106,67.7489
91,67.7489
85,67.7489
78,67.7489
75,67.7489
81,67.7489
82,67.7489
78,67.7489
74,67.7489
70,67.7489
68,67.7489
67,67.7489
65,71.5126
64,71.5126
63,71.5126
61,71.5126
77,71.5126
108,71.5126
99,71.5126
85,71.5126
80,71.5126
74,71.5126
75,71.5126
81,71.5126
80,71.5126
76,71.5126
72,71.5126
69,71.5126
67,71.5126
66,70.0269
65,70.0269
64,70.0269
63,70.0269
87,70.0269
110,70.0269
97,70.0269
86,70.0269
81,70.0269
75,70.0269
77,70.0269
82,70.0269
79,70.0269
75,70.0269
71,70.0269
69,70.0269
67,70.0269
66,71.4208
65,71.4208
63,71.4208
62,71.4208
85,71.4208
110,71.4208
98,71.4208
88,71.4208
83,71.4208
75,71.4208
76,71.4208
82,71.4208
81,71.4208
76,71.4208
73,71.4208
69,71.4208
68,71.0464
67,71.0464
66,71.0464
64,71.0464
63,71.0464
88,71.0464
109,71.0464
95,71.0464
85,71.0464
79,71.0464
74,71.0464
78,71.0464
82,71.0464
78,71.0464
74,71.0464
71,71.0464
69,71.0464
67,72.8012
66,72.8012
64,72.8012
63,72.8012
65,72.8012
96,72.8012
109,72.8012
94,72.8012
86,72.8012
81,72.8012
75,72.8012
80,72.8012
84,72.8012
80,72.8012
75,72.8012
72,72.8012
70,72.8012
68,70.0702
67,70.0702
66,70.0702
64,70.0702
78,70.0702
108,70.0702
101,70.0702
89,70.0702
83,70.0702
76,70.0702
77,70.0702
82,70.0702
81,70.0702
76,70.0702
72,70.0702
70,70.0702
68,70.0702
66,71.5824
65,71.5824
63,71.5824
62,71.5824
76,71.5824
107,71.5824
102,71.5824
90,71.5824
86,71.5824
80,71.5824
80,71.5824
86,71.5824
85,71.5824
80,71.5824
76,71.5824
73,71.5824
71,71.5824
71,70.581
70,70.581
68,70.581
67,70.581
92,70.581
112,70.581
101,70.581
93,70.581
89,70.581
82,70.581
80,70.581
84,70.581
82,70.581
78,70.581
74,70.581
71,70.581
69,70.581
67,67.1397
66,67.1397
64,67.1397
63,67.1397
84,67.1397
109,67.1397
99,67.1397
89,67.1397
83,67.1397
76,67.1397
76,67.1397
81,67.1397
79,67.1397
75,67.1397
72,67.1397
69,67.1397
66,67.1397
65,67.1397
63,72.0665
62,72.0665
60,72.0665
60,72.0665
80,72.0665
105,72.0665
94,72.0665
83,72.0665
78,72.0665
72,72.0665
75,72.0665
81,72.0665
80,72.0665
77,72.0665
75,72.0665
73,72.0665
72,73.3754
68,73.3754
64,73.3754
60,73.3754
63,73.3754
94,73.3754
105,73.3754
91,73.3754
83,73.3754
76,73.3754
71,73.3754
76,73.3754
79,73.3754
75,73.3754
71,73.3754
68,73.3754
66,73.3754
64,74.2912
63,74.2912
61,74.2912
61,74.2912
83,74.2912
106,74.2912
94,74.2912
84,74.2912
81,74.2912
82,74.2912
82,74.2912
81,74.2912
81,74.2912
82,74.2912
81,74.2912
82,74.2912
81,76.6316
82,76.6316
81,76.6316
81,76.6316
82,76.6316
81,76.6316
81,76.6316
81,76.6316
90,76.6316
90,76.6316
90,76.6316
90,76.6316
90,76.6316
90,76.6316
90,76.6316
90,80.1506
90,80.1506
90,80.1506
90,80.1506
90,80.1506
90,80.1506
90,80.1506
90,80.1506
77,80.1506
77,80.1506
77,80.1506
77,80.1506
77,80.1506
77,80.1506
77,80.1506
77,76.0985
77,76.0985
77,76.0985
77,76.0985
77,76.0985
77,76.0985
77,76.0985
77,76.0985
77,76.0985
76,76.0985
73,76.0985
76,76.0985
82,76.0985
82,76.0985
78,76.0985
74,76.0985
70,69.5249
69,69.5249
67,69.5249
65,69.5249
76,69.5249
112,69.5249
108,69.5249
96,69.5249
90,69.5249
83,69.5249
79,69.5249
84,69.5249
85,69.5249
81,69.5249
77,69.5249
74,69.5249
72,69.5249
70,62.4541
69,62.4541
68,62.4541
66,62.4541
70,62.4541
104,62.4541
113,62.4541
98,62.4541
92,62.4541
85,62.4541
80,62.4541
83,62.4541
85,62.4541
82,62.4541
78,62.4541
75,62.4541
73,62.4541
71,62.4541
69,62.4541
67,62.4541
66,61.7291
66,61.7291
64,61.7291
64,61.7291
92,61.7291
113,61.7291
99,61.7291
90,61.7291
85,61.7291
77,61.7291
81,61.7291
84,61.7291
82,61.7291
78,61.7291
75,61.7291
72,61.7291
70,61.7291
69,61.7291
67,61.7291
65,60.6264
65,60.6264
64,60.6264
62,60.6264
72,60.6264
107,60.6264
104,60.6264
91,60.6264
85,60.6264
79,60.6264
76,60.6264
81,60.6264
81,60.6264
78,60.6264
74,60.6264
71,60.6264
69,60.6264
68,60.6264
66,60.6264
65,60.6264
63,61.1711
62,61.1711
61,61.1711
60,61.1711
75,61.1711
107,61.1711
99,61.1711
88,61.1711
82,61.1711
76,61.1711
74,61.1711
79,61.1711
80,61.1711
76,61.1711
72,61.1711
70,61.1711
67,61.1711
66,61.1711
64,61.1711
63,61.1711
61,65.6094
61,65.6094
59,65.6094
60,65.6094
86,65.6094
107,65.6094
92,65.6094
84,65.6094
78,65.6094
72,65.6094
74,65.6094
79,65.6094
77,65.6094
73,65.6094
70,65.6094
68,65.6094
65,65.6094
64,65.6094
63,69.223
62,69.223
60,69.223
59,69.223
70,69.223
102,69.223
98,69.223
85,69.223
78,69.223
72,69.223
71,69.223
78,69.223
78,69.223
74,69.223
70,69.223
68,69.223
66,69.223
65,72.1799
64,72.1799
63,72.1799
61,72.1799
68,72.1799
100,72.1799
105,72.1799
91,72.1799
85,72.1799
79,72.1799
75,72.1799
80,72.1799
83,72.1799
79,72.1799
75,72.1799
73,72.1799
71,72.1799
69,72.5442
68,72.5442
67,72.5442
65,72.5442
80,72.5442
110,72.5442
102,72.5442
91,72.5442
85,72.5442
78,72.5442
79,72.5442
84,72.5442
82,72.5442
78,72.5442
75,72.5442
73,72.5442
71,75.8732
70,75.8732
69,75.8732
67,75.8732
71,75.8732
102,75.8732
111,75.8732
100,75.8732
94,75.8732
87,75.8732
81,75.8732
85,75.8732
87,75.8732
84,75.8732
81,75.8732
77,75.8732
75,71.1022
74,71.1022
72,71.1022
70,71.1022
80,71.1022
111,71.1022
112,71.1022
102,71.1022
97,71.1022
88,71.1022
83,71.1022
88,71.1022
88,71.1022
85,71.1022
81,71.1022
79,71.1022
76,71.1022
73,69.7189
71,69.7189
69,69.7189
67,69.7189
78,69.7189
108,69.7189
110,69.7189
98,69.7189
94,69.7189
84,69.7189
82,69.7189
85,69.7189
86,69.7189
82,69.7189
78,69.7189
76,69.7189
75,69.7189
74,67.1455
70,67.1455
69,67.1455
67,67.1455
71,67.1455
101,67.1455
109,67.1455
102,67.1455
94,67.1455
83,67.1455
76,67.1455
81,67.1455
83,67.1455
82,67.1455
78,67.1455
75,67.1455
73,67.1455
73,67.1455
71,74.4792
72,74.4792
71,74.4792
70,74.4792
78,74.4792
109,74.4792
116,74.4792
100,74.4792
93,74.4792
85,74.4792
83,74.4792
91,74.4792
95,74.4792
91,74.4792
85,74.4792
82,74.4792
78,72.5546
79,72.5546
75,72.5546
74,72.5546
78,72.5546
105,72.5546
117,72.5546
105,72.5546
97,72.5546
90,72.5546
89,72.5546
92,72.5546
88,72.5546
84,72.5546
80,72.5546
77,72.5546
75,72.5546
74,75.6963
74,75.6963
72,75.6963
72,75.6963
96,75.6963
121,75.6963
109,75.6963
99,75.6963
93,75.6963
85,75.6963
86,75.6963
89,75.6963
88,75.6963
84,75.6963
81,75.6963
77,75.6963
76,77.7257
74,77.7257
72,77.7257
72,77.7257
100,77.7257
124,77.7257
110,77.7257
100,77.7257
93,77.7257
85,77.7257
87,77.7257
90,77.7257
89,77.7257
84,77.7257
80,77.7257
77,82.5052
76,82.5052
74,82.5052
71,82.5052
84,82.5052
117,82.5052
116,82.5052
103,82.5052
95,82.5052
86,82.5052
83,82.5052
88,82.5052
88,82.5052
84,82.5052
80,82.5052
78,80.1446
75,80.1446
73,80.1446
73,80.1446
99,80.1446
121,80.1446
107,80.1446
96,80.1446
88,80.1446
81,80.1446
84,80.1446
87,80.1446
85,80.1446
80,80.1446
77,80.1446
75,76.2085
73,76.2085
71,76.2085
72,76.2085
101,76.2085
121,76.2085
104,76.2085
95,76.2085
85,76.2085
80,76.2085
84,76.2085
87,76.2085
84,76.2085
80,76.2085
76,76.2085
74,78.8832
72,78.8832
71,78.8832
68,78.8832
73,78.8832
106,78.8832
117,78.8832
98,78.8832
90,78.8832
81,78.8832
79,78.8832
85,78.8832
86,78.8832
81,78.8832
78,78.8832
75,72.4537
73,72.4537
71,72.4537
69,72.4537
69,72.4537
97,72.4537
118,72.4537
101,72.4537
91,72.4537
82,72.4537
78,72.4537
82,72.4537
85,72.4537
82,72.4537
77,72.4537
74,72.4537
72,72.4537
70,70.532
69,70.532
67,70.532
65,70.532
83,70.532
116,70.532
110,70.532
96,70.532
90,70.532
81,70.532
80,70.532
84,70.532
85,70.532
80,70.532
77,70.532
73,70.532
71,70.532
69,67.7288
68,67.7288
67,67.7288
64,67.7288
79,67.7288
113,67.7288
108,67.7288
94,67.7288
87,67.7288
79,67.7288
78,67.7288
83,67.7288
83,67.7288
79,67.7288
75,67.7288
72,67.7288
70,67.7288
68,67.7288
67,71.0114
65,71.0114
64,71.0114
62,71.0114
80,71.0114
110,71.0114
101,71.0114
87,71.0114
80,71.0114
74,71.0114
77,71.0114
83,71.0114
81,71.0114
76,71.0114
73,71.0114
71,71.0114
69,71.0114
68,69.956
66,69.956
65,69.956
64,69.956
88,69.956
114,69.956
102,69.956
91,69.956
85,69.956
78,69.956
79,69.956
84,69.956
82,69.956
78,69.956
75,69.956
72,69.956
70,69.956
69,69.7642
68,69.7642
66,69.7642
65,69.7642
84,69.7642
113,69.7642
105,69.7642
94,69.7642
88,69.7642
80,69.7642
80,69.7642
85,69.7642
84,69.7642
80,69.7642
76,69.7642
74,69.7642
72,69.7642
70,73.2362
69,73.2362
67,73.2362
65,73.2362
73,73.2362
106,73.2362
109,73.2362
93,73.2362
87,73.2362
79,73.2362
79,73.2362
85,73.2362
86,73.2362
81,73.2362
77,73.2362
75,73.2362
73,73.2604
71,73.2604
70,73.2604
68,73.2604
70,73.2604
99,73.2604
116,73.2604
100,73.2604
92,73.2604
86,73.2604
80,73.2604
85,73.2604
88,73.2604
84,73.2604
80,73.2604
77,73.2604
75,73.2604
73,69.7069
72,69.7069
70,69.7069
68,69.7069
90,69.7069
117,69.7069
107,69.7069
97,69.7069
92,69.7069
83,69.7069
84,69.7069
89,69.7069
87,69.7069
83,69.7069
79,69.7069
76,69.7069
74,69.7069
73,66.056
72,66.056
70,66.056
68,66.056
81,66.056
112,66.056
109,66.056
96,66.056
90,66.056
82,66.056
82,66.056
88,66.056
87,66.056
83,66.056
79,66.056
76,66.056
74,66.056
72,66.056
71,62.1567
70,62.1567
69,62.1567
67,62.1567
77,62.1567
110,62.1567
113,62.1567
100,62.1567
95,62.1567
88,62.1567
83,62.1567
87,62.1567
88,62.1567
85,62.1567
81,62.1567
78,62.1567
75,62.1567
73,62.1567
71,62.1567
69,65.9312
69,65.9312
68,65.9312
66,65.9312
66,65.9312
95,65.9312
114,65.9312
99,65.9312
91,65.9312
86,65.9312
80,65.9312
83,65.9312
87,65.9312
84,65.9312
80,65.9312
78,65.9312
79,65.9312
83,65.9312
82,65.9312
75,69.1993
67,69.1993
64,69.1993
64,69.1993
86,69.1993
114,69.1993
104,69.1993
93,69.1993
88,69.1993
80,69.1993
80,69.1993
85,69.1993
84,69.1993
80,69.1993
76,69.1993
74,69.1993
71,69.1993
70,69.1771
68,69.1771
67,69.1771
65,69.1771
74,69.1771
106,69.1771
110,69.1771
97,69.1771
91,69.1771
83,69.1771
79,69.1771
82,69.1771
84,69.1771
81,69.1771
77,69.1771
74,69.1771
72,69.1771
70,71.5259
68,71.5259
67,71.5259
65,71.5259
67,71.5259
97,71.5259
112,71.5259
99,71.5259
91,71.5259
85,71.5259
78,71.5259
80,71.5259
84,71.5259
81,71.5259
77,71.5259
74,71.5259
71,71.5259
70,73.7896
68,73.7896
67,73.7896
64,73.7896
68,73.7896
98,73.7896
109,73.7896
94,73.7896
86,73.7896
78,73.7896
75,73.7896
81,73.7896
83,73.7896
79,73.7896
75,73.7896
72,73.7896
70,72.9715
69,72.9715
67,72.9715
65,72.9715
67,72.9715
95,72.9715
112,72.9715
98,72.9715
90,72.9715
83,72.9715
78,72.9715
81,72.9715
84,72.9715
81,72.9715
77,72.9715
74,72.9715
72,72.9715
70,73.6277
69,73.6277
67,73.6277
66,73.6277
85,73.6277
112,73.6277
105,73.6277
94,73.6277
89,73.6277
81,73.6277
80,73.6277
85,73.6277
84,73.6277
80,73.6277
76,73.6277
74,73.6277
71,75.7225
70,75.7225
69,75.7225
67,75.7225
72,75.7225
103,75.7225
110,75.7225
96,75.7225
89,75.7225
81,75.7225
79,75.7225
85,75.7225
85,75.7225
81,75.7225
78,75.7225
75,75.7225
73,72.6423
72,72.6423
70,72.6423
68,72.6423
79,72.6423
110,72.6423
110,72.6423
98,72.6423
92,72.6423
84,72.6423
82,72.6423
88,72.6423
87,72.6423
83,72.6423
79,72.6423
77,72.6423
74,72.6423
73,73.2157
72,73.2157
70,73.2157
71,73.2157
100,73.2157
117,73.2157
105,73.2157
97,73.2157
91,73.2157
84,73.2157
88,73.2157
91,73.2157
88,73.2157
83,73.2157
80,73.2157
77,73.2157
76,66.276
74,66.276
73,66.276
71,66.276
87,66.276
116,66.276
111,66.276
101,66.276
96,66.276
87,66.276
87,66.276
91,66.276
90,66.276
85,66.276
82,66.276
79,66.276
77,66.276
75,66.276
73,67.9388
72,67.9388
71,67.9388
70,67.9388
86,67.9388
118,67.9388
113,67.9388
102,67.9388
98,67.9388
89,67.9388
87,67.9388
93,67.9388
92,67.9388
88,67.9388
84,67.9388
81,67.9388
79,67.9388
77,67.9388
76,63.4511
75,63.4511
73,63.4511
72,63.4511
97,63.4511
123,63.4511
112,63.4511
102,63.4511
97,63.4511
88,63.4511
89,63.4511
93,63.4511
92,63.4511
87,63.4511
84,63.4511
80,63.4511
78,63.4511
76,63.4511
74,63.4511
73,66.6298
73,66.6298
71,66.6298
71,66.6298
98,66.6298
124,66.6298
109,66.6298
100,66.6298
94,66.6298
86,66.6298
88,66.6298
93,66.6298
91,66.6298
86,66.6298
82,66.6298
80,66.6298
77,66.6298
76,66.6298
74,64.1666
73,64.1666
71,64.1666
71,64.1666
95,64.1666
123,64.1666
109,64.1666
99,64.1666
92,64.1666
84,64.1666
86,64.1666
91,64.1666
89,64.1666
84,64.1666
81,64.1666
78,64.1666
76,64.1666
74,64.1666
72,68.1039
71,68.1039
70,68.1039
68,68.1039
71,68.1039
106,68.1039
120,68.1039
102,68.1039
94,68.1039
88,68.1039
82,68.1039
86,68.1039
90,68.1039
86,68.1039
81,68.1039
79,68.1039
76,68.1039
74,68.1039
72,69.5875
71,69.5875
69,69.5875
68,69.5875
78,69.5875
113,69.5875
113,69.5875
97,69.5875
89,69.5875
82,69.5875
80,69.5875
86,69.5875
86,69.5875
82,69.5875
78,69.5875
75,69.5875
73,69.5875
71,71.7751
70,71.7751
69,71.7751
66,71.7751
74,71.7751
108,71.7751
116,71.7751
99,71.7751
92,71.7751
85,71.7751
80,71.7751
84,71.7751
87,71.7751
84,71.7751
79,71.7751
76,71.7751
73,71.7751
72,75.2919
71,75.2919
69,75.2919
67,75.2919
83,75.2919
115,75.2919
109,75.2919
96,75.2919
90,75.2919
82,75.2919
81,75.2919
87,75.2919
86,75.2919
82,75.2919
78,75.2919
76,75.2919
73,77.8295
72,77.8295
70,77.8295
68,77.8295
84,77.8295
115,77.8295
108,77.8295
95,77.8295
89,77.8295
82,77.8295
88,77.8295
99,77.8295
97,77.8295
92,77.8295
86,77.8295
79,75.1392
74,75.1392
72,75.1392
70,75.1392
76,75.1392
109,75.1392
119,75.1392
102,75.1392
96,75.1392
88,75.1392
83,75.1392
88,75.1392
91,75.1392
86,75.1392
82,75.1392
79,75.1392
76,73.7115
75,73.7115
74,73.7115
71,73.7115
79,73.7115
113,73.7115
118,73.7115
104,73.7115
98,73.7115
89,73.7115
85,73.7115
91,73.7115
92,73.7115
87,73.7115
84,73.7115
80,73.7115
78,73.7115
76,65.9867
75,65.9867
72,65.9867
74,65.9867
103,65.9867
123,65.9867
107,65.9867
100,65.9867
92,65.9867
85,65.9867
90,65.9867
93,65.9867
89,65.9867
85,65.9867
81,65.9867
78,65.9867
77,65.9867
75,65.9867
74,63.6605
73,63.6605
71,63.6605
72,63.6605
101,63.6605
124,63.6605
110,63.6605
103,63.6605
97,63.6605
88,63.6605
89,63.6605
94,63.6605
91,63.6605
87,63.6605
83,63.6605
80,63.6605
77,63.6605
76,63.6605
74,63.6605
73,67.0572
72,67.0572
70,67.0572
70,67.0572
100,67.0572
122,67.0572
106,67.0572
97,67.0572
92,67.0572
84,67.0572
88,67.0572
92,67.0572
89,67.0572
84,67.0572
81,67.0572
78,67.0572
77,67.0572
80,67.0359
83,67.0359
82,67.0359
77,67.0359
76,67.0359
103,67.0359
120,67.0359
107,67.0359
99,67.0359
93,67.0359
84,67.0359
87,67.0359
91,67.0359
88,67.0359
83,67.0359
80,67.0359
77,67.0359
76,67.0359
75,66.3061
78,66.3061
78,66.3061
74,66.3061
76,66.3061
107,66.3061
118,66.3061
103,66.3061
96,66.3061
91,66.3061
83,66.3061
87,66.3061
90,66.3061
86,66.3061
82,66.3061
79,66.3061
76,66.3061
74,66.3061
72,67.2879
71,67.2879
70,67.2879
68,67.2879
70,67.2879
102,67.2879
118,67.2879
103,67.2879
94,67.2879
88,67.2879
81,67.2879
84,67.2879
88,67.2879
85,67.2879
80,67.2879
77,67.2879
74,67.2879
72,67.2879
70,70.0274
69,70.0274
68,70.0274
66,70.0274
68,70.0274
97,70.0274
114,70.0274
98,70.0274
89,70.0274
82,70.0274
77,70.0274
82,70.0274
85,70.0274
82,70.0274
77,70.0274
74,70.0274
72,70.0274
70,71.4506
68,71.4506
67,71.4506
65,71.4506
67,71.4506
95,71.4506
116,71.4506
103,71.4506
96,71.4506
89,71.4506
83,71.4506
85,71.4506
85,71.4506
80,71.4506
77,71.4506
74,71.4506
72,71.4506
70,72.9187
69,72.9187
67,72.9187
65,72.9187
71,72.9187
105,72.9187
112,72.9187
96,72.9187
89,72.9187
82,72.9187
78,72.9187
83,72.9187
84,72.9187
80,72.9187
77,72.9187
74,72.9187
71,72.9187
70,76.6765
68,76.6765
67,76.6765
66,76.6765
92,76.6765
115,76.6765
102,76.6765
93,76.6765
87,76.6765
80,76.6765
81,76.6765
86,76.6765
84,76.6765
79,76.6765
76,76.6765
73,77.4273
72,77.4273
70,77.4273
68,77.4273
70,77.4273
100,77.4273
113,77.4273
98,77.4273
90,77.4273
82,77.4273
78,77.4273
84,77.4273
86,77.4273
82,77.4273
78,77.4273
75,77.4273
72,76.4184
71,76.4184
69,76.4184
68,76.4184
91,76.4184
124,76.4184
115,76.4184
102,76.4184
93,76.4184
81,76.4184
80,76.4184
87,76.4184
87,76.4184
83,76.4184
78,76.4184
75,76.4184
73,72.4185
72,72.4185
69,72.4185
71,72.4185
99,72.4185
117,72.4185
102,72.4185
94,72.4185
87,72.4185
81,72.4185
84,72.4185
87,72.4185
84,72.4185
80,72.4185
76,72.4185
74,72.4185
72,74.1594
71,74.1594
69,74.1594
67,74.1594
81,74.1594
113,74.1594
110,74.1594
98,74.1594
92,74.1594
84,74.1594
81,74.1594
86,74.1594
87,74.1594
82,74.1594
78,74.1594
75,74.1594
73,71.9186
72,71.9186
70,71.9186
68,71.9186
72,71.9186
103,71.9186
113,71.9186
98,71.9186
90,71.9186
82,71.9186
79,71.9186
85,71.9186
86,71.9186
82,71.9186
77,71.9186
75,71.9186
72,71.9186
71,68.6676
69,68.6676
68,68.6676
66,68.6676
84,68.6676
114,68.6676
108,68.6676
96,68.6676
90,68.6676
89,68.6676
90,68.6676
89,68.6676
90,68.6676
89,68.6676
90,68.6676
89,68.6676
90,68.6676
89,70.9435
90,70.9435
89,70.9435
89,70.9435
90,70.9435
90,70.9435
89,70.9435
90,70.9435
81,70.9435
81,70.9435
80,70.9435
81,70.9435
80,70.9435
81,70.9435
80,70.9435
81,70.9435
80,70.9435
81,72.3842
80,72.3842
81,72.3842
81,72.3842
81,72.3842
80,72.3842
81,72.3842
80,72.3842
87,72.3842
89,72.3842
82,72.3842
86,72.3842
93,72.3842
91,72.3842
87,72.3842
81,72.3842
78,72.3842
76,71.0853
75,71.0853
73,71.0853
71,71.0853
90,71.0853
123,71.0853
112,71.0853
100,71.0853
94,71.0853
86,71.0853
85,71.0853
91,71.0853
89,71.0853
85,71.0853
81,71.0853
79,71.0853
76,71.0853
75,74.4043
73,74.4043
71,74.4043
70,74.4043
96,74.4043
122,74.4043
109,74.4043
99,74.4043
93,74.4043
85,74.4043
86,74.4043
91,74.4043
89,74.4043
84,74.4043
81,74.4043
78,74.4043
76,76.0721
74,76.0721
73,76.0721
70,76.0721
85,76.0721
118,76.0721
111,76.0721
98,76.0721
91,76.0721
82,76.0721
84,76.0721
90,76.0721
88,76.0721
84,76.0721
80,76.0721
77,76.0721
76,75.717
74,75.717
72,75.717
71,75.717
97,75.717
121,75.717
108,75.717
98,75.717
92,75.717
84,75.717
87,75.717
91,75.717
88,75.717
84,75.717
81,75.717
77,75.717
76,72.8062
74,72.8062
73,72.8062
73,72.8062
105,72.8062
122,72.8062
108,72.8062
99,72.8062
93,72.8062
85,72.8062
88,72.8062
91,72.8062
89,72.8062
84,72.8062
81,72.8062
78,72.8062
76,75.8686
75,75.8686
73,75.8686
71,75.8686
87,75.8686
121,75.8686
113,75.8686
101,75.8686
96,75.8686
87,75.8686
86,75.8686
92,75.8686
91,75.8686
86,75.8686
83,75.8686
79,75.8686
78,74.888
76,74.888
74,74.888
72,74.888
89,74.888
121,74.888
111,74.888
100,74.888
94,74.888
87,74.888
96,74.888
103,74.888
96,74.888
88,74.888
82,74.888
77,74.888
76,76.1333
75,76.1333
74,76.1333
73,76.1333
96,76.1333
123,76.1333
111,76.1333
101,76.1333
96,76.1333
86,76.1333
88,76.1333
92,76.1333
90,76.1333
86,76.1333
82,76.1333
79,76.1333
77,80.1042
76,80.1042
73,80.1042
73,80.1042
104,80.1042
122,80.1042
108,80.1042
99,80.1042
92,80.1042
85,80.1042
89,80.1042
92,80.1042
89,80.1042
84,80.1042
81,80.1042
78,81.2703
77,81.2703
74,81.2703
73,81.2703
94,81.2703
121,81.2703
107,81.2703
97,81.2703
88,81.2703
82,81.2703
87,81.2703
91,81.2703
87,81.2703
83,81.2703
79,82.1435
77,82.1435
75,82.1435
73,82.1435
78,82.1435
115,82.1435
120,82.1435
106,82.1435
99,82.1435
91,82.1435
86,82.1435
91,82.1435
92,82.1435
88,82.1435
83,82.1435
81,82.5844
78,82.5844
76,82.5844
74,82.5844
92,82.5844
125,82.5844
115,82.5844
105,82.5844
98,82.5844
88,82.5844
87,82.5844
91,82.5844
90,82.5844
86,82.5844
82,82.5844
79,74.7688
77,74.7688
74,74.7688
77,74.7688
112,74.7688
122,74.7688
108,74.7688
100,74.7688
91,74.7688
85,74.7688
89,74.7688
91,74.7688
87,74.7688
83,74.7688
79,74.7688
76,74.7688
75,77.4467
73,77.4467
71,77.4467
73,77.4467
108,77.4467
121,77.4467
104,77.4467
96,77.4467
88,77.4467
83,77.4467
88,77.4467
90,77.4467
85,77.4467
82,77.4467
78,77.4467
75,77.579
74,77.579
72,77.579
70,77.579
79,77.579
115,77.579
113,77.579
98,77.579
90,77.579
80,77.579
82,77.579
88,77.579
86,77.579
82,77.579
78,77.579
75,77.579
74,71.6594
72,71.6594
70,71.6594
71,71.6594
106,71.6594
122,71.6594
105,71.6594
97,71.6594
90,71.6594
83,71.6594
86,71.6594
89,71.6594
85,71.6594
81,71.6594
77,71.6594
75,71.6594
73,68.5983
71,68.5983
70,68.5983
68,68.5983
77,68.5983
116,68.5983
116,68.5983
102,68.5983
95,68.5983
87,68.5983
82,68.5983
86,68.5983
87,68.5983
83,68.5983
80,68.5983
76,68.5983
74,68.5983
72,68.5983
70,71.8432
68,71.8432
67,71.8432
66,71.8432
93,71.8432
118,71.8432
104,71.8432
93,71.8432
86,71.8432
79,71.8432
80,71.8432
85,71.8432
82,71.8432
78,71.8432
75,71.8432
72,71.8432
70,75.3084
69,75.3084
67,75.3084
65,75.3084
65,75.3084
90,75.3084
111,75.3084
96,75.3084
84,75.3084
75,75.3084
72,75.3084
78,75.3084
81,75.3084
77,75.3084
74,75.3084
71,75.3084
69,76.604
67,76.604
66,76.604
64,76.604
66,76.604
98,76.604
111,76.604
96,76.604
86,76.604
78,76.604
74,76.604
79,76.604
82,76.604
78,76.604
75,76.604
72,76.604
69,79.3819
68,79.3819
67,79.3819
64,79.3819
72,79.3819
108,79.3819
108,79.3819
93,79.3819
86,79.3819
78,79.3819
77,79.3819
83,79.3819
83,79.3819
79,79.3819
75,79.3819
73,79.3172
71,79.3172
70,79.3172
67,79.3172
76,79.3172
116,79.3172
121,79.3172
106,79.3172
96,79.3172
84,79.3172
78,79.3172
83,79.3172
87,79.3172
83,79.3172
79,79.3172
76,75.3185
73,75.3185
71,75.3185
69,75.3185
73,75.3185
107,75.3185
115,75.3185
101,75.3185
93,75.3185
85,75.3185
81,75.3185
86,75.3185
87,75.3185
83,75.3185
80,75.3185
77,75.3185
74,68.7727
73,68.7727
71,68.7727
69,68.7727
79,68.7727
115,68.7727
115,68.7727
103,68.7727
97,68.7727
88,68.7727
84,68.7727
88,68.7727
89,68.7727
85,68.7727
82,68.7727
78,68.7727
76,68.7727
74,68.7727
72,69.2207
71,69.2207
69,69.2207
69,69.2207
97,69.2207
119,69.2207
105,69.2207
96,69.2207
89,69.2207
83,69.2207
86,69.2207
90,69.2207
87,69.2207
83,69.2207
81,69.2207
82,69.2207
85,69.2207
84,67.7889
79,67.7889
74,67.7889
69,67.7889
81,67.7889
117,67.7889
112,67.7889
100,67.7889
94,67.7889
84,67.7889
83,67.7889
88,67.7889
88,67.7889
84,67.7889
81,67.7889
78,67.7889
76,67.7889
74,67.7889
73,67.454
71,67.454
70,67.454
69,67.454
93,67.454
119,67.454
107,67.454
97,67.454
91,67.454
83,67.454
84,67.454
89,67.454
93,67.454
92,67.454
89,67.454
87,67.454
86,67.454
83,67.454
80,70.0234
78,70.0234
76,70.0234
78,70.0234
109,70.0234
114,70.0234
99,70.0234
92,70.0234
86,70.0234
80,70.0234
84,70.0234
87,70.0234
84,70.0234
79,70.0234
76,70.0234
74,70.0234
72,70.0234
70,72.1074
69,72.1074
67,72.1074
67,72.1074
90,72.1074
115,72.1074
102,72.1074
92,72.1074
85,72.1074
78,72.1074
79,72.1074
84,72.1074
82,72.1074
78,72.1074
75,72.1074
72,72.1074
70,75.8515
68,75.8515
67,75.8515
65,75.8515
67,75.8515
98,75.8515
111,75.8515
96,75.8515
87,75.8515
79,75.8515
75,75.8515
80,75.8515
83,75.8515
80,75.8515
76,75.8515
73,75.8515
71,75.2609
70,75.2609
68,75.2609
66,75.2609
76,75.2609
109,75.2609
109,75.2609
96,75.2609
88,75.2609
80,75.2609
78,75.2609
84,75.2609
84,75.2609
80,75.2609
77,75.2609
74,75.2609
72,74.0234
70,74.0234
69,74.0234
67,74.0234
80,74.0234
115,74.0234
110,74.0234
98,74.0234
92,74.0234
84,74.0234
81,74.0234
86,74.0234
86,74.0234
83,74.0234
79,74.0234
76,74.0234
74,71.4287
72,71.4287
71,71.4287
69,71.4287
76,71.4287
111,71.4287
114,71.4287
101,71.4287
94,71.4287
86,71.4287
81,71.4287
86,71.4287
88,71.4287
84,71.4287
80,71.4287
77,71.4287
74,71.4287
73,72.6654
71,72.6654
70,72.6654
68,72.6654
79,72.6654
113,72.6654
110,72.6654
96,72.6654
89,72.6654
81,72.6654
81,72.6654
87,72.6654
87,72.6654
83,72.6654
79,72.6654
76,72.6654
74,72.6654
73,69.0885
72,69.0885
70,69.0885
71,69.0885
101,69.0885
119,69.0885
104,69.0885
96,69.0885
88,69.0885
82,69.0885
86,69.0885
89,69.0885
85,69.0885
82,69.0885
78,69.0885
76,69.0885
74,69.0885
72,63.2885
71,63.2885
70,63.2885
68,63.2885
89,63.2885
120,63.2885
109,63.2885
99,63.2885
93,63.2885
85,63.2885
84,63.2885
89,63.2885
88,63.2885
84,63.2885
80,63.2885
77,63.2885
75,63.2885
73,63.2885
71,63.2885
70,64.8447
69,64.8447
68,64.8447
66,64.8447
86,64.8447
117,64.8447
107,64.8447
96,64.8447
90,64.8447
82,64.8447
82,64.8447
87,64.8447
86,64.8447
82,64.8447
78,64.8447
75,64.8447
73,64.8447
71,64.8447
69,69.6153
68,69.6153
67,69.6153
66,69.6153
67,69.6153
96,69.6153
114,69.6153
98,69.6153
89,69.6153
82,69.6153
77,69.6153
81,69.6153
85,69.6153
82,69.6153
78,69.6153
75,69.6153
72,69.6153
71,69.6153
69,68.5813
68,68.5813
67,68.5813
65,68.5813
86,68.5813
114,68.5813
104,68.5813
93,68.5813
86,68.5813
79,68.5813
80,68.5813
85,68.5813
84,68.5813
80,68.5813
76,68.5813
74,68.5813
72,68.5813
70,73.3019
69,73.3019
67,73.3019
65,73.3019
71,73.3019
105,73.3019
111,73.3019
96,73.3019
89,73.3019
82,73.3019
79,73.3019
86,73.3019
90,73.3019
89,73.3019
86,73.3019
83,73.3019
81,73.3019
78,74.3085
74,74.3085
70,74.3085
70,74.3085
98,74.3085
119,74.3085
105,74.3085
96,74.3085
89,74.3085
82,74.3085
86,74.3085
89,74.3085
87,74.3085
83,74.3085
80,74.3085
77,74.3085
75,71.4141
74,71.4141
72,71.4141
72,71.4141
100,71.4141
121,71.4141
108,71.4141
99,71.4141
93,71.4141
85,71.4141
88,71.4141
91,71.4141
89,71.4141
85,71.4141
81,71.4141
78,71.4141
76,67.7613
75,67.7613
74,67.7613
71,67.7613
76,67.7613
110,67.7613
121,67.7613
107,67.7613
101,67.7613
93,67.7613
86,67.7613
90,67.7613
92,67.7613
89,67.7613
85,67.7613
82,67.7613
79,67.7613
77,67.7613
76,66.2691
74,66.2691
73,66.2691
71,66.2691
79,66.2691
114,66.2691
116,66.2691
101,66.2691
95,66.2691
87,66.2691
85,66.2691
91,66.2691
91,66.2691
87,66.2691
83,66.2691
80,66.2691
78,66.2691
77,66.2691
75,60.4248
74,60.4248
73,60.4248
71,60.4248
78,60.4248
113,60.4248
119,60.4248
105,60.4248
99,60.4248
91,60.4248
87,60.4248
91,60.4248
93,60.4248
89,60.4248
85,60.4248
82,60.4248
79,60.4248
77,60.4248
75,60.4248
73,60.4248
73,60.1118
72,60.1118
71,60.1118
68,60.1118
79,60.1118
115,60.1118
115,60.1118
102,60.1118
97,60.1118
89,60.1118
85,60.1118
89,60.1118
90,60.1118
87,60.1118
83,60.1118
80,60.1118
77,60.1118
76,60.1118
75,60.1118
70,60.1118
69,64.7623
70,64.7623
71,64.7623
68,64.7623
75,64.7623
108,64.7623
112,64.7623
100,64.7623
92,64.7623
83,64.7623
79,64.7623
85,64.7623
88,64.7623
84,64.7623
79,64.7623
75,64.7623
73,64.7623
72,64.7623
71,64.7623
69,65.9554
68,65.9554
66,65.9554
65,65.9554
84,65.9554
114,65.9554
103,65.9554
91,65.9554
85,65.9554
78,65.9554
79,65.9554
85,65.9554
83,65.9554
79,65.9554
75,65.9554
73,65.9554
71,65.9554
69,65.9554
68,68.0872
67,68.0872
66,68.0872
65,68.0872
83,68.0872
115,68.0872
106,68.0872
95,68.0872
90,68.0872
83,68.0872
82,68.0872
87,68.0872
86,68.0872
82,68.0872
79,68.0872
76,68.0872
74,68.0872
72,71.287
71,71.287
70,71.287
68,71.287
69,71.287
99,71.287
120,71.287
105,71.287
97,71.287
92,71.287
85,71.287
87,71.287
92,71.287
89,71.287
85,71.287
82,71.287
79,71.287
77,72.8558
76,72.8558
75,72.8558
73,72.8558
75,72.8558
107,72.8558
125,72.8558
107,72.8558
98,72.8558
90,72.8558
86,72.8558
93,72.8558
95,72.8558
91,72.8558
87,72.8558
83,72.8558
81,72.8558
80,72.6101
79,72.6101
78,72.6101
75,72.6101
96,72.6101
133,72.6101
119,72.6101
106,72.6101
100,72.6101
92,72.6101
95,72.6101
101,72.6101
98,72.6101
93,72.6101
90,72.6101
86,72.6101
85,66.5484
84,66.5484
83,66.5484
80,66.5484
88,66.5484
131,66.5484
138,66.5484
119,66.5484
113,66.5484
105,66.5484
98,66.5484
104,66.5484
106,66.5484
101,66.5484
97,66.5484
94,66.5484
94,66.5484
97,66.5484
96,64.6633
93,64.6633
89,64.6633
84,64.6633
93,64.6633
136,64.6633
137,64.6633
120,64.6633
114,64.6633
104,64.6633
99,64.6633
105,64.6633
105,64.6633
100,64.6633
95,64.6633
91,64.6633
89,64.6633
87,64.6633
86,64.6633
84,62.7518
84,62.7518
82,62.7518
80,62.7518
100,62.7518
140,62.7518
127,62.7518
113,62.7518
107,62.7518
97,62.7518
98,62.7518
103,62.7518
100,62.7518
95,62.7518
91,62.7518
88,62.7518
85,62.7518
84,62.7518
83,62.7518
82,66.1677
81,66.1677
79,66.1677
76,66.1677
89,66.1677
131,66.1677
126,66.1677
107,66.1677
101,66.1677
92,66.1677
94,66.1677
101,66.1677
99,66.1677
93,66.1677
89,66.1677
85,66.1677
84,66.1677
83,66.1677
82,65.4369
81,65.4369
80,65.4369
76,65.4369
83,65.4369
122,65.4369
131,65.4369
108,65.4369
100,65.4369
92,65.4369
91,65.4369
98,65.4369
97,65.4369
91,65.4369
87,65.4369
84,65.4369
82,65.4369
80,65.4369
79,68.3294
78,68.3294
78,68.3294
75,68.3294
76,68.3294
108,68.3294
137,68.3294
113,68.3294
103,68.3294
97,68.3294
90,68.3294
95,68.3294
99,68.3294
94,68.3294
88,68.3294
84,68.3294
82,68.3294
80,68.3294
80,72.5941
79,72.5941
78,72.5941
75,72.5941
80,72.5941
119,72.5941
128,72.5941
104,72.5941
95,72.5941
87,72.5941
89,72.5941
96,72.5941
96,72.5941
89,72.5941
85,72.5941
82,72.5941
80,72.5941
80,73.7609
79,73.7609
77,73.7609
76,73.7609
103,73.7609
136,73.7609
114,73.7609
102,73.7609
96,73.7609
90,73.7609
95,73.7609
100,73.7609
94,73.7609
89,73.7609
85,73.7609
83,73.7609
82,77.3449
82,77.3449
80,77.3449
78,77.3449
98,77.3449
137,77.3449
122,77.3449
107,77.3449
102,77.3449
93,77.3449
97,77.3449
105,77.3449
100,77.3449
93,77.3449
89,77.3449
87,75.5614
86,75.5614
86,75.5614
83,75.5614
85,75.5614
115,75.5614
140,75.5614
118,75.5614
112,75.5614
105,75.5614
105,75.5614
110,75.5614
104,75.5614
95,75.5614
90,75.5614
88,75.5614
87,76.2126
86,76.2126
85,76.2126
82,76.2126
88,76.2126
127,76.2126
136,76.2126
113,76.2126
107,76.2126
98,76.2126
99,76.2126
105,76.2126
103,76.2126
96,76.2126
92,76.2126
89,76.2126
88,74.8068
87,74.8068
87,74.8068
84,74.8068
95,74.8068
134,74.8068
131,74.8068
112,74.8068
106,74.8068
97,74.8068
101,74.8068
106,74.8068
101,74.8068
95,74.8068
92,74.8068
89,74.8068
88,73.1691
88,73.1691
86,73.1691
83,73.1691
89,73.1691
128,73.1691
135,73.1691
111,73.1691
103,73.1691
94,73.1691
99,73.1691
106,73.1691
103,73.1691
97,73.1691
96,73.1691
95,73.1691
93,73.0848
89,73.0848
87,73.0848
84,73.0848
85,73.0848
112,73.0848
138,73.0848
114,73.0848
105,73.0848
95,73.0848
94,73.0848
102,73.0848
102,73.0848
95,73.0848
90,73.0848
88,73.0848
85,73.0848
84,71.8721
84,71.8721
82,71.8721
80,71.8721
95,71.8721
135,71.8721
122,71.8721
104,71.8721
97,71.8721
91,71.8721
98,71.8721
103,71.8721
96,71.8721
90,71.8721
86,71.8721
84,71.8721
83,71.8721
83,72.6949
82,72.6949
79,72.6949
79,72.6949
107,72.6949
136,72.6949
110,72.6949
98,72.6949
90,72.6949
89,72.6949
98,72.6949
98,72.6949
91,72.6949
85,72.6949
83,72.6949
81,72.6949
80,77.1672
80,77.1672
79,77.1672
76,77.1672
84,77.1672
119,77.1672
121,77.1672
101,77.1672
92,77.1672
84,77.1672
90,77.1672
95,77.1672
92,77.1672
86,77.1672
83,77.1672
81,77.1672
79,78.0721
78,78.0721
77,78.0721
75,78.0721
95,78.0721
128,78.0721
110,78.0721
93,78.0721
100,78.0721
101,78.0721
101,78.0721
100,78.0721
101,78.0721
100,78.0721
101,78.0721
100,80.5222
101,80.5222
100,80.5222
101,80.5222
101,80.5222
101,80.5222
100,80.5222
100,80.5222
90,80.5222
91,80.5222
91,80.5222
90,80.5222
90,80.5222
91,80.5222
90,80.5222
91,81.9108
90,81.9108
91,81.9108
90,81.9108
91,81.9108
90,81.9108
91,81.9108
90,81.9108
93,81.9108
87,81.9108
93,81.9108
102,81.9108
98,81.9108
91,81.9108
88,81.9108
85,83.7338
84,83.7338
82,83.7338
83,83.7338
111,83.7338
136,83.7338
111,83.7338
99,83.7338
91,83.7338
93,83.7338
103,83.7338
101,83.7338
93,83.7338
89,83.7338
87,84.0741
86,84.0741
84,84.0741
83,84.0741
95,84.0741
132,84.0741
118,84.0741
101,84.0741
92,84.0741
89,84.0741
100,84.0741
102,84.0741
94,84.0741
89,84.0741
87,83.7779
86,83.7779
84,83.7779
82,83.7779
89,83.7779
127,83.7779
126,83.7779
104,83.7779
96,83.7779
90,83.7779
98,83.7779
104,83.7779
97,83.7779
91,83.7779
88,82.67
86,82.67
85,82.67
84,82.67
84,82.67
116,82.67
134,82.67
111,82.67
101,82.67
94,82.67
96,82.67
104,82.67
100,82.67
94,82.67
90,82.67
88,83.8574
86,83.8574
84,83.8574
81,83.8574
93,83.8574
131,83.8574
124,83.8574
105,83.8574
97,83.8574
92,83.8574
100,83.8574
103,83.8574
98,83.8574
91,83.8574
88,87.155
87,87.155
86,87.155
84,87.155
86,87.155
114,87.155
131,87.155
110,87.155
97,87.155
88,87.155
95,87.155
103,87.155
99,87.155
92,87.155
88,85.5575
86,85.5575
85,85.5575
83,85.5575
88,85.5575
122,85.5575
126,85.5575
105,85.5575
95,85.5575
88,85.5575
97,85.5575
102,85.5575
96,85.5575
90,85.5575
87,88.3902
86,88.3902
85,88.3902
82,88.3902
93,88.3902
131,88.3902
125,88.3902
106,88.3902
99,88.3902
93,88.3902
100,88.3902
103,88.3902
98,88.3902
91,88.3902
89,90.242
87,90.242
85,90.242
84,90.242
110,90.242
136,90.242
115,90.242
103,90.242
95,90.242
94,90.242
103,90.242
101,90.242
94,90.242
90,92.3235
88,92.3235
85,92.3235
84,92.3235
98,92.3235
132,92.3235
119,92.3235
104,92.3235
95,92.3235
91,92.3235
100,92.3235
101,92.3235
94,92.3235
90,89.0439
87,89.0439
84,89.0439
82,89.0439
95,89.0439
129,89.0439
119,89.0439
101,89.0439
92,89.0439
89,89.0439
98,89.0439
99,89.0439
93,89.0439
88,88.0027
86,88.0027
84,88.0027
82,88.0027
84,88.0027
116,88.0027
127,88.0027
104,88.0027
93,88.0027
86,88.0027
93,88.0027
99,88.0027
94,88.0027
88,88.0027
85,86.5779
83,86.5779
81,86.5779
80,86.5779
87,86.5779
122,86.5779
117,86.5779
98,86.5779
88,86.5779
85,86.5779
94,86.5779
96,86.5779
90,86.5779
85,86.5779
82,88.7937
80,88.7937
79,88.7937
77,88.7937
88,88.7937
122,88.7937
111,88.7937
94,88.7937
84,88.7937
83,88.7937
93,88.7937
94,88.7937
87,88.7937
83,90.3416
80,90.3416
79,90.3416
77,90.3416
77,90.3416
100,90.3416
121,90.3416
100,90.3416
87,90.3416
79,90.3416
85,90.3416
94,90.3416
90,90.3416
84,90.3416
81,89.2547
79,89.2547
77,89.2547
76,89.2547
93,89.2547
122,89.2547
107,89.2547
91,89.2547
82,89.2547
84,89.2547
94,89.2547
93,89.2547
86,89.2547
82,88.8017
80,88.8017
79,88.8017
77,88.8017
84,88.8017
118,88.8017
118,88.8017
98,88.8017
88,88.8017
84,88.8017
93,88.8017
97,88.8017
91,88.8017
86,88.8017
83,90.2097
81,90.2097
80,90.2097
79,90.2097
99,90.2097
125,90.2097
107,90.2097
94,90.2097
85,90.2097
88,90.2097
97,90.2097
94,90.2097
88,90.2097
85,93.567
83,93.567
82,93.567
80,93.567
87,93.567
117,93.567
116,93.567
97,93.567
86,93.567
85,93.567
96,93.567
97,93.567
91,93.567
86,92.5725
84,92.5725
82,92.5725
80,92.5725
92,92.5725
120,92.5725
113,92.5725
96,92.5725
86,92.5725
87,92.5725
97,92.5725
96,92.5725
89,92.5725
85,96.372
83,96.372
81,96.372
81,96.372
100,96.372
128,96.372
111,96.372
98,96.372
91,96.372
94,96.372
105,96.372
103,96.372
96,91.6296
94,91.6296
93,91.6296
91,91.6296
99,91.6296
129,91.6296
129,91.6296
111,91.6296
102,91.6296
97,91.6296
104,91.6296
103,91.6296
96,91.6296
91,87.2884
89,87.2884
88,87.2884
85,87.2884
93,87.2884
128,87.2884
126,87.2884
108,87.2884
101,87.2884
95,87.2884
102,87.2884
104,87.2884
98,87.2884
92,87.2884
89,80.7562
88,80.7562
87,80.7562
85,80.7562
97,80.7562
129,80.7562
120,80.7562
104,80.7562
96,80.7562
93,80.7562
102,80.7562
101,80.7562
95,80.7562
90,80.7562
88,80.7562
86,79.2681
86,79.2681
84,79.2681
83,79.2681
98,79.2681
128,79.2681
114,79.2681
100,79.2681
91,79.2681
92,79.2681
101,79.2681
99,79.2681
92,79.2681
88,79.2681
85,79.2681
84,78.9946
84,78.9946
83,78.9946
80,78.9946
89,78.9946
120,78.9946
116,78.9946
98,78.9946
89,78.9946
87,78.9946
96,78.9946
96,78.9946
90,78.9946
86,78.9946
83,78.9946
81,83.5395
81,83.5395
80,83.5395
78,83.5395
79,83.5395
107,83.5395
118,83.5395
98,83.5395
87,83.5395
82,83.5395
89,83.5395
94,83.5395
89,83.5395
84,83.5395
80,83.5395
79,87.5938
78,87.5938
77,87.5938
75,87.5938
88,87.5938
114,87.5938
103,87.5938
87,87.5938
78,87.5938
80,87.5938
89,87.5938
88,87.5938
82,87.5938
78,89.4115
77,89.4115
75,89.4115
74,89.4115
75,89.4115
101,89.4115
115,89.4115
96,89.4115
84,89.4115
78,89.4115
84,89.4115
91,89.4115
87,89.4115
81,89.4115
78,92.2007
76,92.2007
75,92.2007
74,92.2007
93,92.2007
120,92.2007
105,92.2007
91,92.2007
83,92.2007
84,92.2007
93,92.2007
92,92.2007
85,92.2007
82,92.816
80,92.816
78,92.816
77,92.816
94,92.816
121,92.816
108,92.816
94,92.816
86,92.816
87,92.816
95,92.816
94,92.816
88,92.816
84,93.9948
82,93.9948
80,93.9948
80,93.9948
99,93.9948
123,93.9948
107,93.9948
94,93.9948
86,93.9948
90,93.9948
97,93.9948
94,93.9948
88,94.0624
85,94.0624
83,94.0624
81,94.0624
82,94.0624
105,94.0624
122,94.0624
104,94.0624
92,94.0624
85,94.0624
92,94.0624
98,94.0624
93,94.0624
88,96.7636
85,96.7636
83,96.7636
81,96.7636
84,96.7636
112,96.7636
119,96.7636
100,96.7636
89,96.7636
85,96.7636
95,96.7636
97,96.7636
92,96.7636
87,95.7407
85,95.7407
82,95.7407
81,95.7407
97,95.7407
121,95.7407
107,95.7407
93,95.7407
84,95.7407
90,95.7407
97,95.7407
93,95.7407
88,95.7082
85,95.7082
83,95.7082
81,95.7082
91,95.7082
124,95.7082
116,95.7082
100,95.7082
91,95.7082
90,95.7082
99,95.7082
98,95.7082
92,95.7082
88,95.0342
86,95.0342
84,95.0342
85,95.0342
113,95.0342
129,95.0342
109,95.0342
99,95.0342
92,95.0342
97,95.0342
102,95.0342
97,95.0342
91,92.5864
88,92.5864
87,92.5864
84,92.5864
92,92.5864
124,92.5864
122,92.5864
105,92.5864
96,92.5864
92,92.5864
100,92.5864
101,92.5864
94,92.5864
89,89.2569
87,89.2569
85,89.2569
84,89.2569
91,89.2569
124,89.2569
120,89.2569
103,89.2569
93,89.2569
91,89.2569
99,89.2569
99,89.2569
92,89.2569
88,89.2569
86,92.115
85,92.115
83,92.115
82,92.115
104,92.115
125,92.115
106,92.115
93,92.115
86,92.115
93,92.115
99,92.115
94,92.115
88,92.115
85,90.2571
83,90.2571
82,90.2571
80,90.2571
96,90.2571
121,90.2571
107,90.2571
92,90.2571
83,90.2571
87,90.2571
95,90.2571
92,90.2571
86,90.2571
82,93.085
81,93.085
79,93.085
78,93.085
89,93.085
123,93.085
112,93.085
95,93.085
86,93.085
87,93.085
98,93.085
101,93.085
96,93.085
92,92.7967
89,92.7967
86,92.7967
84,92.7967
101,92.7967
127,92.7967
111,92.7967
96,92.7967
86,92.7967
86,92.7967
95,92.7967
93,92.7967
87,92.7967
82,93.4281
80,93.4281
78,93.4281
77,93.4281
96,93.4281
124,93.4281
107,93.4281
94,93.4281
85,93.4281
87,93.4281
95,93.4281
93,93.4281
86,93.4281
82,94.9582
80,94.9582
78,94.9582
78,94.9582
100,94.9582
122,94.9582
103,94.9582
91,94.9582
83,94.9582
88,94.9582
95,94.9582
91,94.9582
85,97.0506
82,97.0506
80,97.0506
78,97.0506
80,97.0506
106,97.0506
117,97.0506
97,97.0506
85,97.0506
81,97.0506
90,97.0506
94,97.0506
88,97.0506
83,96.0029
81,96.0029
79,96.0029
78,96.0029
96,96.0029
120,96.0029
104,96.0029
91,96.0029
84,96.0029
92,96.0029
99,96.0029
96,96.0029
90,95.8005
86,95.8005
84,95.8005
82,95.8005
95,95.8005
128,95.8005
117,95.8005
102,95.8005
93,95.8005
93,95.8005
101,95.8005
97,95.8005
89,95.8005
85,96.5995
83,96.5995
81,96.5995
81,96.5995
105,96.5995
125,96.5995
105,96.5995
93,96.5995
86,96.5995
93,96.5995
102,96.5995
102,96.5995
99,95.3848
95,95.3848
90,95.3848
88,95.3848
97,95.3848
126,95.3848
121,95.3848
103,95.3848
92,95.3848
91,95.3848
101,95.3848
100,95.3848
91,95.3848
85,90.2825
82,90.2825
80,90.2825
80,90.2825
102,90.2825
123,90.2825
103,90.2825
91,90.2825
84,90.2825
89,90.2825
96,90.2825
92,90.2825
86,90.2825
83,91.0845
82,91.0845
81,91.0845
82,91.0845
100,91.0845
131,91.0845
116,91.0845
101,91.0845
93,91.0845
97,91.0845
106,91.0845
100,91.0845
92,91.0845
87,92.2447
87,92.2447
89,92.2447
89,92.2447
106,92.2447
134,92.2447
119,92.2447
106,92.2447
100,92.2447
100,92.2447
107,92.2447
102,92.2447
95,92.2447
91,92.7756
90,92.7756
90,92.7756
87,92.7756
97,92.7756
128,92.7756
118,92.7756
103,92.7756
94,92.7756
93,92.7756
103,92.7756
101,92.7756
94,92.7756
90,94.2656
88,94.2656
87,94.2656
85,94.2656
94,94.2656
124,94.2656
116,94.2656
99,94.2656
88,94.2656
86,94.2656
91,94.2656
90,94.2656
85,94.2656
81,96.347
79,96.347
77,96.347
74,96.347
84,96.347
112,96.347
104,96.347
87,96.347
77,96.347
79,96.347
87,96.347
86,96.347
81,98.6546
78,98.6546
75,98.6546
73,98.6546
74,98.6546
100,98.6546
111,98.6546
92,98.6546
79,98.6546
75,98.6546
83,98.6546
88,98.6546
83,99.7062
80,99.7062
78,99.7062
77,99.7062
76,99.7062
100,99.7062
118,99.7062
100,99.7062
86,99.7062
81,99.7062
89,99.7062
94,99.7062
89,99.7062
85,101.9064
82,101.9064
79,101.9064
80,101.9064
110,101.9064
118,101.9064
97,101.9064
86,101.9064
82,101.9064
89,101.9064
93,101.9064
88,103.4855
84,103.4855
80,103.4855
78,103.4855
81,103.4855
111,103.4855
116,103.4855
97,103.4855
85,103.4855
83,103.4855
91,103.4855
94,103.4855
88,103.6971
85,103.6971
81,103.6971
80,103.6971
89,103.6971
123,103.6971
122,103.6971
103,103.6971
90,103.6971
91,103.6971
100,103.6971
100,104.5025
95,104.5025
90,104.5025
85,104.5025
84,104.5025
111,104.5025
123,104.5025
102,104.5025
91,104.5025
87,104.5025
97,104.5025
102,104.5025
102,104.3265
99,104.3265
95,104.3265
91,104.3265
108,104.3265
131,104.3265
116,104.3265
102,104.3265
92,104.3265
93,104.3265
100,104.3265
96,103.6447
91,103.6447
87,103.6447
85,103.6447
87,103.6447
118,103.6447
125,103.6447
105,103.6447
93,103.6447
89,103.6447
98,103.6447
100,103.6447
94,103.1561
90,103.1561
87,103.1561
84,103.1561
96,103.1561
128,103.1561
116,103.1561
100,103.1561
90,103.1561
94,103.1561
102,103.1561
99,103.1561
92,100.8551
89,100.8551
86,100.8551
87,100.8551
114,100.8551
131,100.8551
109,100.8551
97,100.8551
91,100.8551
99,100.8551
102,100.8551
96,100.8551
91,96.6297
89,96.6297
86,96.6297
90,96.6297
124,96.6297
130,96.6297
108,96.6297
98,96.6297
94,96.6297
102,96.6297
103,96.6297
96,96.6297
91,88.8493
89,88.8493
87,88.8493
86,88.8493
108,88.8493
135,88.8493
114,88.8493
102,88.8493
92,88.8493
97,88.8493
103,88.8493
98,88.8493
92,88.8493
88,86.8127
87,86.8127
86,86.8127
84,86.8127
89,86.8127
124,86.8127
123,86.8127
102,86.8127
91,86.8127
90,86.8127
99,86.8127
98,86.8127
92,86.8127
87,86.8127
85,89.7194
83,89.7194
82,89.7194
80,89.7194
86,89.7194
119,89.7194
116,89.7194
96,89.7194
100,89.7194
101,89.7194
100,89.7194
101,89.7194
100,89.7194
100,89.7194
100,91.6475
100,91.6475
100,91.6475
101,91.6475
101,91.6475
100,91.6475
100,91.6475
109,91.6475
109,91.6475
109,91.6475
109,91.6475
109,91.6475
109,91.6475
109,92.3344
109,92.3344
109,92.3344
109,92.3344
109,92.3344
109,92.3344
109,92.3344
91,92.3344
92,92.3344
92,92.3344
91,92.3344
91,92.3344
92,92.3344
92,94.9489
92,94.9489
91,94.9489
92,94.9489
92,94.9489
92,94.9489
91,94.9489
87,94.9489
78,94.9489
81,94.9489
91,94.9489
92,94.9489
86,96.7405
83,96.7405
80,96.7405
78,96.7405
80,96.7405
112,96.7405
118,96.7405
96,96.7405
85,96.7405
82,96.7405
90,96.7405
93,96.7405
87,96.7405
83,101.7435
80,101.7435
78,101.7435
76,101.7435
91,101.7435
118,101.7435
102,101.7435
87,101.7435
79,101.7435
85,101.7435
93,101.7435
90,101.7435
85,101.8984
82,101.8984
80,101.8984
78,101.8984
91,101.8984
115,101.8984
101,101.8984
84,101.8984
78,101.8984
87,101.8984
93,101.8984
89,104.6714
84,104.6714
81,104.6714
79,104.6714
82,104.6714
116,104.6714
119,104.6714
98,104.6714
87,104.6714
86,104.6714
96,104.6714
96,104.6714
91,106.8296
86,106.8296
83,106.8296
82,106.8296
103,106.8296
128,106.8296
109,106.8296
96,106.8296
88,106.8296
94,106.8296
100,106.8296
96,108.3858
91,108.3858
87,108.3858
84,108.3858
95,108.3858
126,108.3858
115,108.3858
100,108.3858
90,108.3858
93,108.3858
101,108.3858
98,108.7889
93,108.7889
89,108.7889
86,108.7889
94,108.7889
124,108.7889
118,108.7889
101,108.7889
90,108.7889
94,108.7889
102,108.7889
99,105.8919
94,105.8919
90,105.8919
87,105.8919
95,105.8919
125,105.8919
119,105.8919
102,105.8919
91,105.8919
95,105.8919
103,105.8919
99,105.8919
95,104.3635
91,104.3635
88,104.3635
91,104.3635
123,104.3635
127,104.3635
106,104.3635
94,104.3635
94,104.3635
104,104.3635
102,104.3635
96,102.6429
93,102.6429
90,102.6429
88,102.6429
105,102.6429
135,102.6429
115,102.6429
100,102.6429
92,102.6429
99,102.6429
105,102.6429
99,102.6429
94,102.9034
91,102.9034
88,102.9034
89,102.9034
119,102.9034
132,102.9034
108,102.9034
95,102.9034
91,102.9034
102,102.9034
103,102.9034
97,102.8427
92,102.8427
89,102.8427
86,102.8427
91,102.8427
127,102.8427
123,102.8427
101,102.8427
89,102.8427
91,102.8427
102,102.8427
100,102.8427
93,104.6111
90,104.6111
87,104.6111
84,104.6111
100,104.6111
132,104.6111
112,104.6111
94,104.6111
86,104.6111
94,104.6111
102,104.6111
96,104.6111
91,103.8978
88,103.8978
85,103.8978
86,103.8978
123,103.8978
128,103.8978
103,103.8978
89,103.8978
89,103.8978
100,103.8978
101,103.8978
93,102.7625
90,102.7625
87,102.7625
85,102.7625
111,102.7625
143,102.7625
115,102.7625
102,102.7625
93,102.7625
100,102.7625
106,102.7625
100,102.7625
95,101.3815
91,101.3815
88,101.3815
92,101.3815
137,101.3815
136,101.3815
114,101.3815
103,101.3815
99,101.3815
109,101.3815
108,101.3815
101,101.3815
97,98.5799
94,98.5799
91,98.5799
99,98.5799
143,98.5799
131,98.5799
112,98.5799
101,98.5799
100,98.5799
110,98.5799
107,98.5799
100,98.5799
96,96.9442
94,96.9442
91,96.9442
92,96.9442
130,96.9442
135,96.9442
110,96.9442
98,96.9442
96,96.9442
107,96.9442
106,96.9442
99,96.9442
94,97.2355
92,97.2355
90,97.2355
88,97.2355
109,97.2355
143,97.2355
118,97.2355
102,97.2355
93,97.2355
102,97.2355
109,97.2355
102,97.2355
95,96.0088
93,96.0088
91,96.0088
89,96.0088
94,96.0088
132,96.0088
128,96.0088
105,96.0088
92,96.0088
95,96.0088
107,96.0088
103,96.0088
96,96.0088
92,94.3546
90,94.3546
88,94.3546
87,94.3546
117,94.3546
140,94.3546
112,94.3546
98,94.3546
92,94.3546
102,94.3546
106,94.3546
98,94.3546
92,94.3546
90,94.1176
89,94.1176
86,94.1176
94,94.1176
138,94.1176
128,94.1176
107,94.1176
96,94.1176
96,94.1176
106,94.1176
104,94.1176
96,94.1176
91,90.136
89,90.136
88,90.136
86,90.136
103,90.136
143,90.136
120,90.136
105,90.136
95,90.136
98,90.136
106,90.136
101,90.136
94,90.136
90,90.136
88,86.8962
87,86.8962
85,86.8962
88,86.8962
128,86.8962
128,86.8962
104,86.8962
92,86.8962
91,86.8962
101,86.8962
101,86.8962
93,86.8962
88,86.8962
86,86.8962
85,87.0743
84,87.0743
82,87.0743
87,87.0743
125,87.0743
119,87.0743
97,87.0743
86,87.0743
88,87.0743
98,87.0743
96,87.0743
89,87.0743
85,87.0743
82,89.3703
81,89.3703
81,89.3703
79,89.3703
87,89.3703
123,89.3703
111,89.3703
92,89.3703
81,89.3703
85,89.3703
95,89.3703
92,89.3703
86,89.3703
82,89.3703
80,92.7845
79,92.7845
78,92.7845
77,92.7845
102,92.7845
121,92.7845
97,92.7845
82,92.7845
78,92.7845
88,92.7845
92,92.7845
87,92.7845
81,92.7845
79,96.4436
77,96.4436
76,96.4436
75,96.4436
99,96.4436
118,96.4436
95,96.4436
80,96.4436
77,96.4436
86,96.4436
91,96.4436
85,96.4436
81,98.9348
78,98.9348
77,98.9348
75,98.9348
81,98.9348
112,98.9348
107,98.9348
86,98.9348
76,98.9348
81,98.9348
91,98.9348
89,98.9348
83,100.3859
81,100.3859
79,100.3859
76,100.3859
83,100.3859
116,100.3859
112,100.3859
91,100.3859
81,100.3859
84,100.3859
94,100.3859
92,100.3859
86,100.3978
83,100.3978
81,100.3978
79,100.3978
92,100.3978
127,100.3978
112,100.3978
95,100.3978
86,100.3978
91,100.3978
99,100.3978
95,100.3978
89,97.3206
87,97.3206
84,97.3206
83,97.3206
101,97.3206
133,97.3206
113,97.3206
98,97.3206
90,97.3206
96,97.3206
102,97.3206
97,97.3206
92,97.3206
89,95.7913
87,95.7913
85,95.7913
93,95.7913
129,95.7913
121,95.7913
102,95.7913
93,95.7913
95,95.7913
104,95.7913
100,95.7913
94,95.7913
90,92.1907
89,92.1907
87,92.1907
87,92.1907
107,92.1907
133,92.1907
111,92.1907
97,92.1907
91,92.1907
100,92.1907
103,92.1907
97,92.1907
92,92.1907
90,92.7653
89,92.7653
87,92.7653
86,92.7653
106,92.7653
131,92.7653
111,92.7653
96,92.7653
90,92.7653
99,92.7653
103,92.7653
97,92.7653
92,92.7653
89,95.2027
88,95.2027
87,95.2027
85,95.2027
98,95.2027
127,95.2027
110,95.2027
94,95.2027
86,95.2027
95,95.2027
100,95.2027
95,95.2027
89,95.2027
87,95.1095
86,95.1095
84,95.1095
84,95.1095
111,95.1095
123,95.1095
102,95.1095
88,95.1095
87,95.1095
98,95.1095
98,95.1095
91,95.1095
87,94.716
86,94.716
84,94.716
81,94.716
99,94.716
132,94.716
113,94.716
98,94.716
90,94.716
94,94.716
102,94.716
96,94.716
90,94.716
87,92.7525
86,92.7525
84,92.7525
84,92.7525
119,92.7525
132,92.7525
109,92.7525
100,92.7525
93,92.7525
100,92.7525
102,92.7525
96,92.7525
90,92.7525
88,91.0775
86,91.0775
85,91.0775
87,91.0775
125,91.0775
130,91.0775
109,91.0775
100,91.0775
95,91.0775
102,91.0775
103,91.0775
96,91.0775
92,91.0775
89,89.282
88,89.282
86,89.282
86,89.282
114,89.282
134,89.282
111,89.282
101,89.282
94,89.282
101,89.282
104,89.282
98,89.282
92,89.282
89,89.8937
88,89.8937
87,89.8937
85,89.8937
92,89.8937
128,89.8937
121,89.8937
102,89.8937
93,89.8937
93,89.8937
102,89.8937
99,89.8937
93,89.8937
88,89.8937
87,91.8809
86,91.8809
85,91.8809
83,91.8809
109,91.8809
128,91.8809
106,91.8809
92,91.8809
87,91.8809
96,91.8809
100,91.8809
93,91.8809
88,91.8809
85,95.6017
84,95.6017
83,95.6017
81,95.6017
99,95.6017
126,95.6017
106,95.6017
90,95.6017
83,95.6017
92,95.6017
98,95.6017
92,95.6017
86,96.959
84,96.959
82,96.959
80,96.959
82,96.959
112,96.959
119,96.959
97,96.959
84,96.959
84,96.959
94,96.959
94,96.959
88,96.959
84,98.7305
82,98.7305
80,98.7305
80,98.7305
109,98.7305
127,98.7305
104,98.7305
91,98.7305
86,98.7305
95,98.7305
98,98.7305
92,98.7305
87,100.9934
85,100.9934
83,100.9934
82,100.9934
108,100.9934
131,100.9934
108,100.9934
95,100.9934
89,100.9934
96,100.9934
101,100.9934
95,100.9934
90,103.3665
87,103.3665
85,103.3665
84,103.3665
110,103.3665
130,103.3665
108,103.3665
95,103.3665
90,103.3665
98,103.3665
101,103.3665
95,104.4683
90,104.4683
88,104.4683
85,104.4683
88,104.4683
117,104.4683
121,104.4683
101,104.4683
89,104.4683
89,104.4683
97,104.4683
97,104.4683
91,107.2195
88,107.2195
85,107.2195
83,107.2195
97,107.2195
123,107.2195
107,107.2195
91,107.2195
85,107.2195
94,107.2195
98,107.2195
93,107.8704
88,107.8704
86,107.8704
82,107.8704
90,107.8704
119,107.8704
112,107.8704
93,107.8704
84,107.8704
90,107.8704
96,107.8704
92,108.706
88,108.706
85,108.706
83,108.706
90,108.706
124,108.706
116,108.706
98,108.706
87,108.706
91,108.706
99,108.706
96,110.0807
89,110.0807
86,110.0807
83,110.0807
92,110.0807
124,110.0807
116,110.0807
98,110.0807
88,110.0807
91,110.0807
99,110.0807
95,111.3475
90,111.3475
86,111.3475
84,111.3475
95,111.3475
126,111.3475
112,111.3475
96,111.3475
87,111.3475
92,111.3475
98,111.3475
94,111.6116
89,111.6116
85,111.6116
83,111.6116
99,111.6116
124,111.6116
107,111.6116
92,111.6116
86,111.6116
93,111.6116
97,111.6116
92,112.146
87,112.146
84,112.146
84,112.146
108,112.146
122,112.146
101,112.146
88,112.146
86,112.146
96,112.146
95,111.4875
91,111.4875
86,111.4875
83,111.4875
87,111.4875
118,111.4875
117,111.4875
97,111.4875
86,111.4875
89,111.4875
97,111.4875
95,111.1407
89,111.1407
86,111.1407
83,111.1407
93,111.1407
124,111.1407
112,111.1407
94,111.1407
86,111.1407
93,111.1407
99,111.1407
94,110.9239
90,110.9239
86,110.9239
84,110.9239
102,110.9239
128,110.9239
107,110.9239
92,110.9239
87,110.9239
96,110.9239
99,110.9239
94,110.9156
90,110.9156
86,110.9156
85,110.9156
112,110.9156
129,110.9156
106,110.9156
91,110.9156
89,110.9156
99,110.9156
100,110.9156
94,110.7656
90,110.7656
86,110.7656
87,110.7656
116,110.7656
128,110.7656
103,110.7656
90,110.7656
91,110.7656
101,110.7656
100,109.7715
95,109.7715
91,109.7715
87,109.7715
89,109.7715
122,109.7715
126,109.7715
102,109.7715
89,109.7715
94,109.7715
104,109.7715
101,110.1166
95,110.1166
91,110.1166
87,110.1166
96,110.1166
133,110.1166
124,110.1166
104,110.1166
93,110.1166
98,110.1166
107,110.1166
102,108.375
97,108.375
93,108.375
90,108.375
106,108.375
145,108.375
124,108.375
108,108.375
98,108.375
104,108.375
111,108.375
105,105.0726
100,105.0726
96,105.0726
93,105.0726
106,105.0726
145,105.0726
128,105.0726
111,105.0726
100,105.0726
104,105.0726
112,105.0726
107,105.0726
101,98.7069
98,98.7069
95,98.7069
97,98.7069
132,98.7069
141,98.7069
116,98.7069
103,98.7069
101,98.7069
111,98.7069
110,98.7069
102,98.7069
99,91.9027
97,91.9027
94,91.9027
95,91.9027
127,91.9027
144,91.9027
117,91.9027
104,91.9027
99,91.9027
110,91.9027
110,91.9027
102,91.9027
98,91.9027
96,89.8415
95,89.8415
93,89.8415
92,89.8415
119,89.8415
143,89.8415
115,89.8415
101,89.8415
96,89.8415
108,89.8415
109,89.8415
101,89.8415
96,89.8415
94,88.884
93,88.884
92,88.884
89,88.884
97,88.884
133,88.884
122,88.884
102,88.884
91,88.884
97,88.884
107,88.884
101,88.884
95,88.884
91,88.884
90,88.4983
89,88.4983
88,88.4983
86,88.4983
112,88.4983
134,88.4983
108,88.4983
108,88.4983
109,88.4983
109,88.4983
109,88.4983
109,88.4983
109,88.4983
109,89.9404
109,89.9404
109,89.9404
109,89.9404
109,89.9404
109,89.9404
109,89.9404
109,89.9404
100,89.9404
100,89.9404
100,89.9404
100,89.9404
99,89.9404
100,89.9404
100,92.4483
100,92.4483
100,92.4483
100,92.4483
100,92.4483
100,92.4483
100,92.4483
97,92.4483
88,92.4483
92,92.4483
100,92.4483
97,92.4483
90,92.4483
89,96.671
86,96.671
84,96.671
83,96.671
118,96.671
129,96.671
104,96.671
91,96.671
87,96.671
94,96.671
98,96.671
91,96.671
87,99.4308
84,99.4308
82,99.4308
80,99.4308
90,99.4308
125,99.4308
111,99.4308
92,99.4308
83,99.4308
85,99.4308
93,99.4308
91,99.4308
85,103.4856
82,103.4856
80,103.4856
77,103.4856
82,103.4856
114,103.4856
110,103.4856
90,103.4856
78,103.4856
80,103.4856
89,103.4856
88,103.4856
83,106.0382
80,106.0382
78,106.0382
75,106.0382
83,106.0382
112,106.0382
101,106.0382
82,106.0382
74,106.0382
80,106.0382
89,106.0382
85,107.1231
81,107.1231
78,107.1231
75,107.1231
77,107.1231
107,107.1231
109,107.1231
87,107.1231
75,107.1231
78,107.1231
88,107.1231
87,109.1098
82,109.1098
80,109.1098
76,109.1098
80,109.1098
114,109.1098
114,109.1098
92,109.1098
81,109.1098
83,109.1098
92,109.1098
92,109.92
86,109.92
83,109.92
79,109.92
86,109.92
124,109.92
117,109.92
97,109.92
86,109.92
88,109.92
97,109.92
96,109.9083
90,109.9083
86,109.9083
83,109.9083
92,109.9083
128,109.9083
116,109.9083
98,109.9083
88,109.9083
91,109.9083
100,109.9083
96,110.181
91,110.181
87,110.181
84,110.181
94,110.181
127,110.181
113,110.181
96,110.181
87,110.181
92,110.181
99,110.181
95,110.4391
90,110.4391
86,110.4391
83,110.4391
95,110.4391
126,110.4391
110,110.4391
93,110.4391
85,110.4391
92,110.4391
98,110.4391
93,110.5417
89,110.5417
85,110.5417
82,110.5417
94,110.5417
121,110.5417
107,110.5417
89,110.5417
82,110.5417
91,110.5417
96,110.5417
91,111.1084
87,111.1084
84,111.1084
81,111.1084
97,111.1084
123,111.1084
103,111.1084
86,111.1084
81,111.1084
92,111.1084
96,111.1084
91,110.9034
86,110.9034
82,110.9034
82,110.9034
111,110.9034
124,110.9034
100,110.9034
85,110.9034
85,110.9034
95,110.9034
96,110.6627
90,110.6627
86,110.6627
82,110.6627
89,110.6627
129,110.6627
120,110.6627
99,110.6627
88,110.6627
91,110.6627
100,110.6627
97,108.5698
91,108.5698
87,108.5698
84,108.5698
96,108.5698
136,108.5698
117,108.5698
99,108.5698
89,108.5698
92,108.5698
101,108.5698
97,111.0224
91,111.0224
87,111.0224
84,111.0224
92,111.0224
130,111.0224
116,111.0224
96,111.0224
85,111.0224
89,111.0224
98,111.0224
95,110.9087
90,110.9087
86,110.9087
82,110.9087
86,110.9087
120,110.9087
113,110.9087
91,110.9087
79,110.9087
84,110.9087
94,110.9087
92,112.1673
86,112.1673
82,112.1673
77,112.1673
85,112.1673
118,112.1673
109,112.1673
87,112.1673
76,112.1673
81,112.1673
90,112.1673
90,110.2404
84,110.2404
80,110.2404
76,110.2404
92,110.2404
125,110.2404
104,110.2404
84,110.2404
76,110.2404
85,110.2404
93,111.777
89,111.777
83,111.777
78,111.777
77,111.777
107,111.777
125,111.777
98,111.777
82,111.777
79,111.777
89,111.777
93,111.3883
87,111.3883
83,111.3883
78,111.3883
87,111.3883
129,111.3883
117,111.3883
95,111.3883
83,111.3883
86,111.3883
95,111.3883
93,111.0244
87,111.0244
83,111.0244
80,111.0244
105,111.0244
140,111.0244
109,111.0244
94,111.0244
86,111.0244
92,111.0244
98,111.0244
93,108.7245
88,108.7245
85,108.7245
83,108.7245
113,108.7245
139,108.7245
107,108.7245
94,108.7245
92,108.7245
101,108.7245
103,108.7245
94,107.4727
89,107.4727
86,107.4727
83,107.4727
105,107.4727
132,107.4727
103,107.4727
88,107.4727
84,107.4727
91,107.4727
93,107.4727
86,107.5904
81,107.5904
79,107.5904
76,107.5904
82,107.5904
113,107.5904
104,107.5904
84,107.5904
78,107.5904
85,107.5904
90,107.5904
84,107.6518
79,107.6518
75,107.6518
73,107.6518
74,107.6518
100,107.6518
114,107.6518
90,107.6518
76,107.6518
78,107.6518
83,107.6518
80,109.7968
75,109.7968
73,109.7968
72,109.7968
71,109.7968
87,109.7968
103,109.7968
86,109.7968
72,109.7968
71,109.7968
76,109.7968
77,108.3078
75,108.3078
73,108.3078
71,108.3078
69,108.3078
90,108.3078
99,108.3078
78,108.3078
66,108.3078
66,108.3078
73,108.3078
76,109.9588
73,109.9588
70,109.9588
67,109.9588
67,109.9588
88,109.9588
97,109.9588
76,109.9588
63,109.9588
61,109.9588
67,109.9588
70,111.0038
66,111.0038
64,111.0038
61,111.0038
61,111.0038
79,111.0038
90,111.0038
71,111.0038
58,111.0038
57,111.0038
63,111.0038
67,110.8288
66,110.8288
62,110.8288
59,110.8288
59,110.8288
79,110.8288
87,110.8288
69,110.8288
56,110.8288
55,110.8288
61,110.8288
66,111.8201
64,111.8201
61,111.8201
58,111.8201
61,111.8201
81,111.8201
83,111.8201
66,111.8201
55,111.8201
55,111.8201
62,111.8201
66,110.73
64,110.73
61,110.73
58,110.73
67,110.73
91,110.73
83,110.73
66,110.73
59,110.73
66,110.73
77,111.4271
78,111.4271
71,111.4271
64,111.4271
61,111.4271
88,111.4271
103,111.4271
80,111.4271
65,111.4271
61,111.4271
68,111.4271
75,111.2667
73,111.2667
68,111.2667
64,111.2667
67,111.2667
98,111.2667
99,111.2667
76,111.2667
64,111.2667
64,111.2667
73,111.2667
76,111.1971
72,111.1971
68,111.1971
65,111.1971
74,111.1971
104,111.1971
93,111.1971
73,111.1971
64,111.1971
67,111.1971
75,111.1971
76,112.7486
71,112.7486
67,112.7486
64,112.7486
78,112.7486
102,112.7486
85,112.7486
67,112.7486
61,112.7486
65,112.7486
73,112.2616
72,112.2616
67,112.2616
64,112.2616
62,112.2616
81,112.2616
98,112.2616
78,112.2616
63,112.2616
59,112.2616
66,112.2616
72,112.0076
70,112.0076
66,112.0076
62,112.0076
63,112.0076
87,112.0076
93,112.0076
72,112.0076
60,112.0076
59,112.0076
67,112.0076
72,112.3818
69,112.3818
64,112.3818
61,112.3818
70,112.3818
97,112.3818
87,112.3818
68,112.3818
59,112.3818
63,112.3818
71,111.794
73,111.794
68,111.794
64,111.794
62,111.794
86,111.794
103,111.794
81,111.794
66,111.794
62,111.794
69,111.794
76,111.3874
74,111.3874
69,111.3874
65,111.3874
71,111.3874
103,111.3874
99,111.3874
77,111.3874
67,111.3874
67,111.3874
75,111.3874
77,111.837
73,111.837
68,111.837
65,111.837
77,111.837
105,111.837
92,111.837
73,111.837
65,111.837
68,111.837
75,111.837
76,112.3337
71,112.3337
67,112.3337
64,112.3337
77,112.3337
100,112.3337
85,112.3337
68,112.3337
61,112.3337
66,112.3337
72,112.2377
72,112.2377
68,112.2377
64,112.2377
62,112.2377
79,112.2377
95,112.2377
78,112.2377
63,112.2377
60,112.2377
65,112.2377
71,110.9226
70,110.9226
65,110.9226
62,110.9226
64,110.9226
90,110.9226
94,110.9226
74,110.9226
64,110.9226
67,110.9226
78,110.9226
80,111.3605
71,111.3605
64,111.3605
61,111.3605
75,111.3605
103,111.3605
89,111.3605
71,111.3605
63,111.3605
66,111.3605
73,111.3605
74,110.6618
70,110.6618
66,110.6618
64,110.6618
83,110.6618
103,110.6618
84,110.6618
69,110.6618
64,110.6618
68,110.6618
74,110.6618
73,110.6596
68,110.6596
65,110.6596
64,110.6596
86,110.6596
99,110.6596
79,110.6596
66,110.6596
62,110.6596
67,110.6596
72,110.4798
70,110.4798
66,110.4798
63,110.4798
63,110.4798
84,110.4798
94,110.4798
74,110.4798
62,110.4798
60,110.4798
65,110.4798
69,111.51
68,111.51
64,111.51
61,111.51
61,111.51
80,111.51
89,111.51
71,111.51
60,111.51
58,111.51
63,111.51
67,108.7708
66,108.7708
63,108.7708
59,108.7708
62,108.7708
84,108.7708
87,108.7708
69,108.7708
59,108.7708
58,108.7708
63,108.7708
67,108.6676
65,108.6676
62,108.6676
59,108.6676
66,108.6676
92,108.6676
87,108.6676
70,108.6676
61,108.6676
61,108.6676
66,108.6676
69,107.3692
66,107.3692
63,107.3692
60,107.3692
69,107.3692
95,107.3692
87,107.3692
71,107.3692
62,107.3692
62,107.3692
67,107.3692
69,107.2255
66,107.2255
63,107.2255
60,107.2255
63,107.2255
88,107.2255
89,107.2255
71,107.2255
61,107.2255
60,107.2255
64,107.2255
67,105.9595
64,105.9595
61,105.9595
59,105.9595
58,105.9595
74,105.9595
86,105.9595
72,105.9595
60,105.9595
56,105.9595
58,105.9595
62,105.9595
62,107.2235
60,107.2235
57,107.2235
55,107.2235
61,107.2235
79,107.2235
75,107.2235
61,107.2235
54,107.2235
54,107.2235
57,107.2235
60,106.7919
59,106.7919
56,106.7919
54,106.7919
56,106.7919
73,106.7919
77,106.7919
64,106.7919
55,106.7919
53,106.7919
55,106.7919
58,105.5983
58,105.5983
56,105.5983
53,105.5983
54,105.5983
73,105.5983
82,105.5983
69,105.5983
58,105.5983
54,105.5983
56,105.5983
59,105.5983
60,105.6641
57,105.6641
55,105.6641
54,105.6641
71,105.6641
84,105.6641
73,105.6641
61,105.6641
55,105.6641
55,105.6641
59,105.6641
59,105.0389
58,105.0389
55,105.0389
53,105.0389
59,105.0389
79,105.0389
77,105.0389
63,105.0389
55,105.0389
53,105.0389
55,105.0389
57,106.1103
56,106.1103
55,106.1103
52,106.1103
52,106.1103
63,106.1103
75,106.1103
66,106.1103
56,106.1103
51,106.1103
51,106.1103
53,106.1103
54,103.7747
53,103.7747
52,103.7747
50,103.7747
59,103.7747
75,103.7747
72,103.7747
61,103.7747
54,103.7747
53,103.7747
55,103.7747
56,100.0623
56,100.0623
54,100.0623
53,100.0623
56,100.0623
75,100.0623
78,100.0623
66,100.0623
57,100.0623
53,100.0623
54,100.0623
57,100.0623
57,102.1106
55,102.1106
53,102.1106
52,102.1106
54,102.1106
73,102.1106
76,102.1106
64,102.1106
55,102.1106
52,102.1106
52,102.1106
55,102.1106
55,100.0692
54,100.0692
51,100.0692
50,100.0692
50,100.0692
61,100.0692
65,100.0692
57,100.0692
49,100.0692
46,100.0692
46,100.0692
48,100.0692
48,99.4017
47,99.4017
46,99.4017
45,99.4017
45,99.4017
54,99.4017
59,99.4017
54,99.4017
47,99.4017
43,99.4017
43,99.4017
43,99.4017
44,101.1463
44,101.1463
43,101.1463
42,101.1463
42,101.1463
47,101.1463
54,101.1463
53,101.1463
47,101.1463
43,101.1463
41,101.1463
42,101.1463
42,96.1919
43,96.1919
42,96.1919
42,96.1919
41,96.1919
48,96.1919
55,96.1919
54,96.1919
47,96.1919
43,96.1919
41,96.1919
42,96.1919
43,95.1859
43,95.1859
42,95.1859
42,95.1859
41,95.1859
50,95.1859
63,95.1859
62,95.1859
52,95.1859
51,95.1859
52,95.1859
52,95.1859
52,95.1859
52,96.5877
52,96.5877
52,96.5877
52,96.5877
52,96.5877
52,96.5877
51,96.5877
52,96.5877
58,96.5877
58,96.5877
58,96.5877
58,96.5877
58,94.9099
58,94.9099
58,94.9099
58,94.9099
58,94.9099
58,94.9099
58,94.9099
58,94.9099
58,94.9099
64,94.9099
64,94.9099
65,94.9099
65,94.9099
65,93.5497
65,93.5497
65,93.5497
64,93.5497
65,93.5497
64,93.5497
65,93.5497
64,93.5497
51,93.5497
51,93.5497
51,93.5497
50,93.5497
51,93.5497
51,92.7683
51,92.7683
50,92.7683
51,92.7683
51,92.7683
51,92.7683
51,92.7683
50,92.7683
51,92.7683
47,92.7683
47,92.7683
47,92.7683
47,92.7683
47,93.5113
47,93.5113
47,93.5113
47,93.5113
47,93.5113
47,93.5113
47,93.5113
47,93.5113
47,93.5113
37,93.5113
37,93.5113
37,93.5113
37,93.5113
38,92.2242
37,92.2242
37,92.2242
37,92.2242
37,92.2242
44,92.2242
50,92.2242
47,92.2242
42,92.2242
39,92.2242
38,92.2242
37,92.2242
38,92.2242
38,87.7011
38,87.7011
37,87.7011
37,87.7011
39,87.7011
48,87.7011
53,87.7011
50,87.7011
44,87.7011
40,87.7011
38,87.7011
38,87.7011
39,87.7011
39,86.3809
38,86.3809
38,86.3809
37,86.3809
37,86.3809
46,86.3809
57,86.3809
58,86.3809
51,86.3809
45,86.3809
42,86.3809
40,86.3809
41,86.3809
41,86.3809
41,88.6692
40,88.6692
39,88.6692
38,88.6692
38,88.6692
45,88.6692
56,88.6692
57,88.6692
50,88.6692
45,88.6692
41,88.6692
40,88.6692
40,88.6692
40,88.6692
40,86.5668
40,86.5668
39,86.5668
38,86.5668
39,86.5668
46,86.5668
54,86.5668
53,86.5668
47,86.5668
43,86.5668
40,86.5668
39,86.5668
40,86.5668
40,86.5668
40,83.9643
39,83.9643
38,83.9643
38,83.9643
41,83.9643
52,83.9643
58,83.9643
54,83.9643
47,83.9643
43,83.9643
41,83.9643
40,83.9643
40,83.9643
40,83.9643
40,85.8403
39,85.8403
38,85.8403
37,85.8403
39,85.8403
50,85.8403
60,85.8403
58,85.8403
51,85.8403
45,85.8403
42,85.8403
42,85.8403
41,85.8403
41,85.8403
40,87.7411
40,87.7411
39,87.7411
38,87.7411
40,87.7411
49,87.7411
57,87.7411
57,87.7411
50,87.7411
47,87.7411
47,87.7411
47,87.7411
47,87.7411
47,87.7411
47,85.304
47,85.304
47,85.304
47,85.304
47,85.304
47,85.304
47,85.304
47,85.304
47,85.304
53,85.304
53,85.304
53,85.304
53,85.304
53,85.304
53,87.5726
53,87.5726
53,87.5726
53,87.5726
53,87.5726
53,87.5726
53,87.5726
53,87.5726
53,87.5726
59,87.5726
59,87.5726
60,87.5726
59,87.5726
60,89.5689
59,89.5689
60,89.5689
59,89.5689
60,89.5689
60,89.5689
60,89.5689
59,89.5689
60,89.5689
47,89.5689
46,89.5689
46,89.5689
46,89.5689
46,89.5689
46,89.2842
46,89.2842
46,89.2842
46,89.2842
46,89.2842
46,89.2842
46,89.2842
46,89.2842
46,89.2842
43,89.2842
41,89.2842
40,89.2842
40,89.2842
41,88.467
41,88.467
40,88.467
39,88.467
39,88.467
47,88.467
57,88.467
59,88.467
54,88.467
48,88.467
44,88.467
42,88.467
41,88.467
41,88.467
40,90.5708
40,90.5708
39,90.5708
38,90.5708
43,90.5708
54,90.5708
61,90.5708
58,90.5708
53,90.5708
48,90.5708
45,90.5708
43,90.5708
43,90.5708
42,92.441
41,92.441
40,92.441
40,92.441
42,92.441
53,92.441
61,92.441
60,92.441
54,92.441
49,92.441
46,92.441
44,92.441
43,92.441
42,94.5809
41,94.5809
41,94.5809
40,94.5809
42,94.5809
52,94.5809
60,94.5809
59,94.5809
53,94.5809
50,94.5809
45,94.5809
42,94.5809
42,94.5809
43,97.603
42,97.603
41,97.603
40,97.603
44,97.603
55,97.603
61,97.603
58,97.603
52,97.603
47,97.603
44,97.603
43,97.603
43,51.16
42,51.16
41,51.16
40,51.16
44,51.16
56,51.16
63,51.16
61,51.16
56,51.16
51,51.16
47,51.16
45,51.16
45,51.16
44,51.16
43,51.16
42,51.16
47,51.16
59,51.16
64,51.16
61,51.16
55,51.16
50,51.16
47,51.16
46,103.4899
45,103.4899
44,103.4899
44,103.4899
44,103.4899
51,103.4899
61,103.4899
63,103.4899
58,103.4899
52,103.4899
48,103.4899
47,103.4899
46,103.3819
46,103.3819
45,103.3819
44,103.3819
47,103.3819
59,103.3819
65,103.3819
63,103.3819
57,103.3819
52,103.3819
49,103.3819
47,103.3819
46,104.4851
45,104.4851
44,104.4851
44,104.4851
51,104.4851
63,104.4851
66,104.4851
61,104.4851
56,104.4851
51,104.4851
48,104.4851
47,105.0905
46,105.0905
45,105.0905
44,105.0905
46,105.0905
56,105.0905
64,105.0905
63,105.0905
57,105.0905
52,105.0905
49,105.0905
47,105.0905
46,102.8213
46,102.8213
45,102.8213
45,102.8213
53,102.8213
64,102.8213
67,102.8213
63,102.8213
57,102.8213
53,102.8213
50,102.8213
48,104.1766
46,104.1766
45,104.1766
44,104.1766
46,104.1766
59,104.1766
67,104.1766
66,104.1766
60,104.1766
54,104.1766
51,104.1766
49,104.1766
47,106.2369
47,106.2369
46,106.2369
46,106.2369
53,106.2369
65,106.2369
68,106.2369
64,106.2369
58,106.2369
54,106.2369
52,106.2369
51,105.8513
51,105.8513
50,105.8513
49,105.8513
51,105.8513
60,105.8513
66,105.8513
64,105.8513
58,105.8513
54,105.8513
51,105.8513
50,107.9807
50,107.9807
50,107.9807
49,107.9807
51,107.9807
60,107.9807
68,107.9807
67,107.9807
63,107.9807
59,107.9807
57,107.9807
56,107.6439
54,107.6439
53,107.6439
52,107.6439
52,107.6439
62,107.6439
71,107.6439
71,107.6439
67,107.6439
60,107.6439
56,107.6439
54,107.6439
54,108.1467
53,108.1467
52,108.1467
52,108.1467
60,108.1467
70,108.1467
71,108.1467
67,108.1467
61,108.1467
57,108.1467
55,108.1467
54,108.0423
53,108.0423
53,108.0423
51,108.0423
60,108.0423
71,108.0423
73,108.0423
68,108.0423
62,108.0423
56,108.0423
54,108.0423
53,108.0389
52,108.0389
51,108.0389
50,108.0389
58,108.0389
71,108.0389
74,108.0389
70,108.0389
64,108.0389
58,108.0389
55,108.0389
54,109.0674
53,109.0674
52,109.0674
51,109.0674
57,109.0674
70,109.0674
74,109.0674
70,109.0674
64,109.0674
58,109.0674
55,109.0674
54,108.1934
54,108.1934
53,108.1934
52,108.1934
57,108.1934
71,108.1934
75,108.1934
71,108.1934
65,108.1934
59,108.1934
56,108.1934
56,107.4645
55,107.4645
54,107.4645
53,107.4645
59,107.4645
73,107.4645
78,107.4645
73,107.4645
67,107.4645
61,107.4645
58,107.4645
56,106.2858
56,106.2858
55,106.2858
53,106.2858
58,106.2858
73,106.2858
80,106.2858
76,106.2858
70,106.2858
64,106.2858
59,106.2858
58,104.49
57,104.49
56,104.49
54,104.49
56,104.49
70,104.49
81,104.49
78,104.49
72,104.49
65,104.49
60,104.49
58,104.49
58,104.4419
57,104.4419
56,104.4419
54,104.4419
62,104.4419
77,104.4419
80,104.4419
74,104.4419
68,104.4419
61,104.4419
60,104.4419
60,101.841
62,101.841
62,101.841
63,101.841
67,101.841
81,101.841
84,101.841
78,101.841
70,101.841
64,101.841
60,101.841
59,101.841
59,101.2439
58,101.2439
57,101.2439
55,101.2439
59,101.2439
75,101.2439
85,101.2439
83,101.2439
77,101.2439
70,101.2439
66,101.2439
65,101.2439
64,96.761
63,96.761
61,96.761
59,96.761
66,96.761
83,96.761
88,96.761
82,96.761
75,96.761
69,96.761
65,96.761
65,96.761
64,49.4901
64,49.4901
62,49.4901
60,49.4901
61,49.4901
77,49.4901
88,49.4901
83,49.4901
75,49.4901
72,49.4901
72,49.4901
72,49.4901
72,49.4901
72,49.4901
72,49.4901
72,49.4901
72,49.4901
72,49.4901
72,49.4901
72,49.4901
72,49.4901
78,49.4901
79,49.4901
79,49.4901
79,49.4901
79,49.7387
79,49.7387
79,49.7387
79,49.7387
79,49.7387
79,49.7387
79,49.7387
79,49.7387
65,49.7387
65,49.7387
65,49.7387
65,49.7387
65,49.7387
65,49.7387
65,49.7387
65,49.7387
65,49.7387
65,49.7387
65,49.7387
65,49.7387
68,49.7387
65,49.7387
61,49.7387
62,49.7387
63,97.1578
63,97.1578
62,97.1578
61,97.1578
71,97.1578
91,97.1578
93,97.1578
86,97.1578
79,97.1578
71,97.1578
67,97.1578
65,97.1578
64,96.5274
63,96.5274
62,96.5274
61,96.5274
68,96.5274
88,96.5274
93,96.5274
86,96.5274
79,96.5274
71,96.5274
67,96.5274
66,96.5274
67,96.5274
65,93.8301
64,93.8301
62,93.8301
63,93.8301
78,93.8301
92,93.8301
88,93.8301
81,93.8301
73,93.8301
67,93.8301
66,93.8301
67,93.8301
66,94.9139
65,94.9139
63,94.9139
62,94.9139
63,94.9139
81,94.9139
92,94.9139
86,94.9139
78,94.9139
70,94.9139
67,94.9139
69,94.9139
71,94.9139
71,90.3487
69,90.3487
67,90.3487
64,90.3487
70,90.3487
90,90.3487
96,90.3487
88,90.3487
80,90.3487
73,90.3487
70,90.3487
70,90.3487
70,90.3487
69,88.6931
67,88.6931
65,88.6931
64,88.6931
69,88.6931
89,88.6931
98,88.6931
91,88.6931
84,88.6931
76,88.6931
71,88.6931
71,88.6931
71,88.6931
71,88.6931
69,85.4185
67,85.4185
66,85.4185
64,85.4185
75,85.4185
95,85.4185
97,85.4185
88,85.4185
80,85.4185
73,85.4185
71,85.4185
72,85.4185
73,85.4185
71,85.4185
69,79.7638
67,79.7638
66,79.7638
65,79.7638
72,79.7638
93,79.7638
98,79.7638
89,79.7638
80,79.7638
73,79.7638
72,79.7638
74,79.7638
74,79.7638
72,79.7638
70,79.7638
68,65.8118
66,65.8118
66,65.8118
64,65.8118
75,65.8118
98,65.8118
102,65.8118
94,65.8118
87,65.8118
78,65.8118
75,65.8118
75,65.8118
76,65.8118
75,65.8118
73,65.8118
71,65.8118
69,65.8118
67,65.8118
66,36.372
64,36.372
64,36.372
62,36.372
68,36.372
91,36.372
104,36.372
96,36.372
88,36.372
80,36.372
75,36.372
75,36.372
77,36.372
77,36.372
75,36.372
72,36.372
70,36.372
69,36.372
68,36.372
67,36.372
65,36.372
72,36.372
95,36.372
103,36.372
94,36.372
84,36.372
76,36.372
74,36.372
77,36.372
79,36.372
77,36.372
74,36.372
72,36.372
70,69.7871
69,69.7871
67,69.7871
66,69.7871
72,69.7871
96,69.7871
107,69.7871
100,69.7871
91,69.7871
84,69.7871
78,69.7871
77,69.7871
79,69.7871
79,69.7871
77,69.7871
75,69.7871
73,69.7871
71,72.4979
70,72.4979
68,72.4979
67,72.4979
69,72.4979
90,72.4979
109,72.4979
102,72.4979
93,72.4979
86,72.4979
79,72.4979
79,72.4979
84,72.4979
86,72.4979
83,72.4979
79,72.4979
77,72.4979
74,69.815
72,69.815
71,69.815
70,69.815
80,69.815
105,69.815
113,69.815
103,69.815
95,69.815
87,69.815
82,69.815
85,69.815
87,69.815
85,69.815
82,69.815
79,69.815
77,69.815
76,67.3779
75,67.3779
75,67.3779
73,67.3779
79,67.3779
104,67.3779
115,67.3779
103,67.3779
96,67.3779
88,67.3779
82,67.3779
83,67.3779
86,67.3779
85,67.3779
82,67.3779
80,67.3779
78,67.3779
76,67.3779
74,66.5539
72,66.5539
71,66.5539
69,66.5539
81,66.5539
108,66.5539
113,66.5539
101,66.5539
93,66.5539
83,66.5539
80,66.5539
81,66.5539
82,66.5539
81,66.5539
77,66.5539
73,66.5539
71,66.5539
68,66.5539
67,72.2105
66,72.2105
65,72.2105
64,72.2105
70,72.2105
96,72.2105
106,72.2105
94,72.2105
85,72.2105
77,72.2105
72,72.2105
73,72.2105
77,72.2105
77,72.2105
74,72.2105
71,72.2105
69,72.2105
68,76.5209
67,76.5209
65,76.5209
64,76.5209
74,76.5209
99,76.5209
105,76.5209
92,76.5209
82,76.5209
74,76.5209
72,76.5209
75,76.5209
76,76.5209
75,76.5209
72,76.5209
70,85.3622
69,85.3622
67,85.3622
66,85.3622
70,85.3622
95,85.3622
111,85.3622
101,85.3622
91,85.3622
83,85.3622
77,85.3622
76,85.3622
79,85.3622
80,85.3622
77,88.0211
74,88.0211
72,88.0211
70,88.0211
70,88.0211
89,88.0211
111,88.0211
103,88.0211
91,88.0211
82,88.0211
77,88.0211
77,88.0211
81,88.0211
81,88.0211
79,76.5503
76,76.5503
74,76.5503
71,76.5503
80,76.5503
107,76.5503
114,76.5503
101,76.5503
96,76.5503
91,76.5503
88,76.5503
89,76.5503
86,76.5503
80,76.5503
76,76.5503
74,76.5503
74,72.0179
72,72.0179
70,72.0179
72,72.0179
98,72.0179
119,72.0179
110,72.0179
103,72.0179
96,72.0179
88,72.0179
89,72.0179
95,72.0179
95,72.0179
91,72.0179
87,72.0179
83,72.0179
80,21.7734
79,21.7734
77,21.7734
75,21.7734
78,21.7734
104,21.7734
116,21.7734
103,21.7734
93,21.7734
83,21.7734
79,21.7734
82,21.7734
87,21.7734
85,21.7734
82,21.7734
80,21.7734
79,21.7734
78,21.7734
79,21.7734
77,21.7734
76,21.7734
76,21.7734
96,21.7734
120,21.7734
112,21.7734
103,21.7734
93,21.7734
87,21.7734
89,21.7734
93,21.7734
92,21.7734
87,21.7734
84,21.7734
82,21.7734
81,21.7734
79,21.7734
78,21.7734
77,21.7734
76,21.7734
80,21.7734
107,21.7734
126,21.7734
116,21.7734
107,21.7734
101,21.7734
92,21.7734
88,21.7734
90,21.7734
91,21.7734
87,21.7734
84,21.7734
81,21.7734
80,21.7734
77,21.7734
75,21.7734
73,61.9464
72,61.9464
71,61.9464
70,61.9464
72,61.9464
98,61.9464
120,61.9464
111,61.9464
101,61.9464
94,61.9464
86,61.9464
84,61.9464
86,61.9464
88,61.9464
85,61.9464
82,61.9464
79,61.9464
77,61.9464
75,61.9464
74,61.9464
72,65.5234
72,65.5234
71,65.5234
70,65.5234
86,65.5234
114,65.5234
112,65.5234
101,65.5234
94,65.5234
85,65.5234
82,65.5234
84,65.5234
87,65.5234
85,65.5234
82,65.5234
79,65.5234
76,65.5234
75,65.5234
73,70.8346
72,70.8346
71,70.8346
70,70.8346
72,70.8346
97,70.8346
114,70.8346
103,70.8346
93,70.8346
85,70.8346
80,70.8346
82,70.8346
86,70.8346
86,70.8346
83,70.8346
82,70.8346
81,70.8346
81,67.8314
80,67.8314
79,67.8314
77,67.8314
86,67.8314
114,67.8314
122,67.8314
107,67.8314
98,67.8314
92,67.8314
86,67.8314
87,67.8314
90,67.8314
89,67.8314
86,67.8314
82,67.8314
80,67.8314
78,67.8314
76,67.3621
75,67.3621
74,67.3621
73,67.3621
91,67.3621
119,67.3621
117,67.3621
105,67.3621
99,67.3621
91,67.3621
87,67.3621
88,67.3621
91,67.3621
89,67.3621
86,67.3621
83,67.3621
81,67.3621
78,67.3621
77,69.6988
76,69.6988
75,69.6988
75,69.6988
98,69.6988
122,69.6988
115,69.6988
105,69.6988
98,69.6988
90,69.6988
88,69.6988
91,69.6988
92,69.6988
89,69.6988
86,69.6988
83,69.6988
81,69.6988
79,57.6444
79,57.6444
77,57.6444
76,57.6444
89,57.6444
119,57.6444
120,57.6444
108,57.6444
101,57.6444
92,57.6444
87,57.6444
91,57.6444
93,57.6444
91,57.6444
87,57.6444
84,57.6444
82,57.6444
80,57.6444
78,57.6444
77,57.6444
75,57.6444
74,58.3202
74,58.3202
73,58.3202
72,58.3202
92,58.3202
119,58.3202
113,58.3202
101,58.3202
94,58.3202
86,58.3202
86,58.3202
90,58.3202
92,58.3202
89,58.3202
85,58.3202
82,58.3202
80,58.3202
78,58.3202
77,58.3202
76,58.3202
75,57.9885
73,57.9885
73,57.9885
72,57.9885
78,57.9885
108,57.9885
125,57.9885
114,57.9885
106,57.9885
99,57.9885
92,57.9885
92,57.9885
94,57.9885
93,57.9885
91,57.9885
89,57.9885
86,57.9885
83,57.9885
82,57.9885
80,57.9885
79,57.9885
77,56.6125
77,56.6125
76,56.6125
75,56.6125
90,56.6125
122,56.6125
124,56.6125
113,56.6125
108,56.6125
101,56.6125
94,56.6125
94,56.6125
96,56.6125
95,56.6125
91,56.6125
88,56.6125
84,56.6125
82,56.6125
80,56.6125
79,56.6125
77,56.6125
76,56.9191
75,56.9191
75,56.9191
73,56.9191
82,56.9191
112,56.9191
123,56.9191
109,56.9191
101,56.9191
94,56.9191
88,56.9191
90,56.9191
94,56.9191
93,56.9191
90,56.9191
86,56.9191
84,56.9191
81,56.9191
80,56.9191
79,56.9191
77,56.9191
76,58.1304
75,58.1304
75,58.1304
73,58.1304
74,58.1304
98,58.1304
121,58.1304
111,58.1304
99,58.1304
92,58.1304
85,58.1304
87,58.1304
91,58.1304
92,58.1304
88,58.1304
85,58.1304
83,58.1304
81,58.1304
79,58.1304
78,58.1304
77,58.1304
76,62.3253
75,62.3253
74,62.3253
73,62.3253
88,62.3253
119,62.3253
122,62.3253
108,62.3253
102,62.3253
95,62.3253
89,62.3253
91,62.3253
96,62.3253
94,62.3253
90,62.3253
86,62.3253
84,62.3253
82,62.3253
81,62.3253
79,67.1334
78,67.1334
77,67.1334
75,67.1334
77,67.1334
103,67.1334
122,67.1334
110,67.1334
99,67.1334
92,67.1334
85,67.1334
88,67.1334
93,67.1334
93,67.1334
89,67.1334
86,67.1334
83,67.1334
81,67.1334
79,57.22
79,57.22
78,57.22
77,57.22
85,57.22
115,57.22
126,57.22
112,57.22
101,57.22
101,57.22
100,57.22
101,57.22
100,57.22
100,57.22
100,57.22
101,57.22
100,57.22
101,57.22
100,57.22
101,57.22
100,57.22
101,25.8983
100,25.8983
101,25.8983
100,25.8983
100,25.8983
100,25.8983
101,25.8983
100,25.8983
91,25.8983
91,25.8983
91,25.8983
91,25.8983
91,25.8983
91,25.8983
91,25.8983
91,25.8983
91,25.8983
91,25.8983
91,25.8983
91,25.8983
91,25.8983
91,25.8983
91,25.8983
91,25.8983
91,25.8983
91,25.8983
91,25.8983
91,25.8983
91,25.8983
90,25.8983
91,25.8983
96,25.8983
107,25.8983
97,25.8983
99,25.8983
103,25.8983
103,25.8983
99,25.8983
96,25.8983
92,25.8983
90,25.8983
88,25.8983
87,25.8983
86,25.8983
85,25.8983
85,25.8983
83,53.1932
82,53.1932
81,53.1932
79,53.1932
85,53.1932
118,53.1932
134,53.1932
118,53.1932
111,53.1932
106,53.1932
99,53.1932
99,53.1932
102,53.1932
99,53.1932
94,53.1932
90,53.1932
89,53.1932
86,53.1932
85,53.1932
83,53.1932
82,53.1932
80,53.1932
80,53.1932
78,57.8
78,57.8
76,57.8
75,57.8
82,57.8
113,57.8
121,57.8
107,57.8
99,57.8
92,57.8
87,57.8
91,57.8
94,57.8
93,57.8
89,57.8
87,57.8
84,57.8
83,57.8
81,57.8
80,57.8
78,57.8
78,62.7266
77,62.7266
76,62.7266
74,62.7266
84,62.7266
114,62.7266
118,62.7266
102,62.7266
95,62.7266
87,62.7266
86,62.7266
91,62.7266
95,62.7266
92,62.7266
88,62.7266
85,62.7266
83,62.7266
81,62.7266
81,62.7266
79,61.8765
78,61.8765
77,61.8765
76,61.8765
90,61.8765
121,61.8765
122,61.8765
108,61.8765
103,61.8765
96,61.8765
91,61.8765
94,61.8765
97,61.8765
96,61.8765
92,61.8765
88,61.8765
85,61.8765
84,61.8765
82,61.8765
81,58.7652
80,58.7652
79,58.7652
77,58.7652
82,58.7652
113,58.7652
128,58.7652
112,58.7652
105,58.7652
102,58.7652
96,58.7652
100,58.7652
104,58.7652
100,58.7652
94,58.7652
89,58.7652
87,58.7652
86,58.7652
84,58.7652
83,58.7652
82,53.4703
80,53.4703
80,53.4703
78,53.4703
79,53.4703
108,53.4703
132,53.4703
122,53.4703
113,53.4703
109,53.4703
101,53.4703
96,53.4703
99,53.4703
101,53.4703
99,53.4703
95,53.4703
91,53.4703
88,53.4703
87,53.4703
85,53.4703
83,53.4703
82,53.4703
81,53.4703
80,49.7171
79,49.7171
79,49.7171
77,49.7171
92,49.7171
126,49.7171
127,49.7171
116,49.7171
111,49.7171
105,49.7171
96,49.7171
98,49.7171
101,49.7171
100,49.7171
96,49.7171
93,49.7171
90,49.7171
87,49.7171
86,49.7171
85,49.7171
83,49.7171
82,49.7171
80,49.7171
79,49.7171
78,52.8663
77,52.8663
77,52.8663
75,52.8663
81,52.8663
114,52.8663
126,52.8663
112,52.8663
105,52.8663
99,52.8663
93,52.8663
94,52.8663
99,52.8663
98,52.8663
95,52.8663
91,52.8663
88,52.8663
86,52.8663
85,52.8663
83,52.8663
82,52.8663
81,52.8663
79,52.8663
78,49.646
78,49.646
77,49.646
76,49.646
92,49.646
124,49.646
123,49.646
111,49.646
107,49.646
101,49.646
94,49.646
96,49.646
99,49.646
97,49.646
94,49.646
90,49.646
88,49.646
86,49.646
84,49.646
83,49.646
81,49.646
80,49.646
79,49.646
78,49.646
77,54.7825
76,54.7825
75,54.7825
73,54.7825
82,54.7825
114,54.7825
124,54.7825
111,54.7825
105,54.7825
100,54.7825
93,54.7825
94,54.7825
98,54.7825
98,54.7825
94,54.7825
91,54.7825
88,54.7825
86,54.7825
85,54.7825
84,54.7825
83,54.7825
82,54.7825
81,52.2253
81,52.2253
81,52.2253
80,52.2253
93,52.2253
125,52.2253
128,52.2253
115,52.2253
111,52.2253
106,52.2253
99,52.2253
101,52.2253
103,52.2253
101,52.2253
97,52.2253
94,52.2253
93,52.2253
91,52.2253
89,52.2253
88,52.2253
86,52.2253
83,52.2253
79,52.2253
77,56.5129
76,56.5129
77,56.5129
75,56.5129
89,56.5129
120,56.5129
123,56.5129
110,56.5129
105,56.5129
100,56.5129
93,56.5129
95,56.5129
100,56.5129
98,56.5129
94,56.5129
91,56.5129
90,56.5129
91,56.5129
90,56.5129
88,56.5129
86,56.5129
85,49.7856
85,49.7856
84,49.7856
82,49.7856
89,49.7856
121,49.7856
131,49.7856
118,49.7856
113,49.7856
109,49.7856
101,49.7856
101,49.7856
104,49.7856
102,49.7856
97,49.7856
93,49.7856
90,49.7856
88,49.7856
87,49.7856
85,49.7856
84,49.7856
83,49.7856
81,49.7856
80,49.7856
78,50.857
77,50.857
77,50.857
76,50.857
81,50.857
112,50.857
125,50.857
114,50.857
107,50.857
103,50.857
95,50.857
95,50.857
98,50.857
98,50.857
95,50.857
92,50.857
89,50.857
87,50.857
85,50.857
84,50.857
82,50.857
81,50.857
80,50.857
79,50.857
78,50.3736
78,50.3736
76,50.3736
75,50.3736
90,50.3736
121,50.3736
120,50.3736
109,50.3736
105,50.3736
98,50.3736
93,50.3736
96,50.3736
98,50.3736
96,50.3736
93,50.3736
90,50.3736
87,50.3736
86,50.3736
84,50.3736
83,50.3736
81,50.3736
80,50.3736
79,50.3736
78,50.3736
77,53.7684
77,53.7684
75,53.7684
75,53.7684
93,53.7684
122,53.7684
117,53.7684
107,53.7684
103,53.7684
97,53.7684
92,53.7684
95,53.7684
97,53.7684
96,53.7684
92,53.7684
89,53.7684
87,53.7684
85,53.7684
84,53.7684
83,53.7684
81,53.7684
80,53.7684
79,54.4316
78,54.4316
77,54.4316
76,54.4316
81,54.4316
111,54.4316
122,54.4316
109,54.4316
102,54.4316
97,54.4316
91,54.4316
94,54.4316
96,54.4316
95,54.4316
92,54.4316
89,54.4316
86,54.4316
85,54.4316
83,54.4316
82,54.4316
80,54.4316
79,54.4316
78,48.377
78,48.377
77,48.377
75,48.377
88,48.377
120,48.377
124,48.377
113,48.377
109,48.377
105,48.377
96,48.377
96,48.377
99,48.377
99,48.377
95,48.377
92,48.377
89,48.377
87,48.377
85,48.377
84,48.377
82,48.377
81,48.377
80,48.377
79,48.377
78,48.377
77,54.5403
76,54.5403
75,54.5403
74,54.5403
92,54.5403
122,54.5403
120,54.5403
110,54.5403
106,54.5403
100,54.5403
94,54.5403
96,54.5403
99,54.5403
98,54.5403
95,54.5403
92,54.5403
89,54.5403
88,54.5403
90,54.5403
91,54.5403
93,54.5403
91,54.5403
89,27.7421
82,27.7421
77,27.7421
75,27.7421
88,27.7421
121,27.7421
124,27.7421
112,27.7421
108,27.7421
102,27.7421
95,27.7421
96,27.7421
100,27.7421
98,27.7421
95,27.7421
91,27.7421
89,27.7421
86,27.7421
85,27.7421
83,27.7421
82,27.7421
81,27.7421
80,27.7421
79,27.7421
78,27.7421
76,27.7421
88,27.7421
118,27.7421
121,27.7421
109,27.7421
105,27.7421
98,27.7421
93,27.7421
96,27.7421
99,27.7421
97,27.7421
94,27.7421
90,27.7421
88,27.7421
86,27.7421
85,27.7421
83,27.7421
82,27.7421
81,56.9192
80,56.9192
79,56.9192
77,56.9192
86,56.9192
119,56.9192
126,56.9192
115,56.9192
110,56.9192
106,56.9192
96,56.9192
97,56.9192
101,56.9192
101,56.9192
97,56.9192
93,56.9192
91,56.9192
91,56.9192
89,56.9192
90,56.9192
89,56.9192
87,53.4614
83,53.4614
81,53.4614
78,53.4614
87,53.4614
119,53.4614
129,53.4614
117,53.4614
112,53.4614
107,53.4614
98,53.4614
97,53.4614
101,53.4614
101,53.4614
98,53.4614
94,53.4614
91,53.4614
88,53.4614
87,53.4614
85,53.4614
84,53.4614
82,53.4614
82,53.4614
80,53.7448
80,53.7448
78,53.7448
77,53.7448
96,53.7448
125,53.7448
119,53.7448
109,53.7448
104,53.7448
97,53.7448
95,53.7448
99,53.7448
99,53.7448
97,53.7448
95,53.7448
92,53.7448
88,53.7448
86,53.7448
84,53.7448
83,53.7448
82,53.7448
81,53.7448
80,50.3855
80,50.3855
78,50.3855
77,50.3855
94,50.3855
126,50.3855
124,50.3855
115,50.3855
111,50.3855
105,50.3855
97,50.3855
99,50.3855
101,50.3855
101,50.3855
96,50.3855
93,50.3855
90,50.3855
89,50.3855
87,50.3855
85,50.3855
84,50.3855
82,50.3855
81,50.3855
81,50.3855
79,60.3302
79,60.3302
77,60.3302
77,60.3302
99,60.3302
128,60.3302
121,60.3302
113,60.3302
110,60.3302
103,60.3302
97,60.3302
99,60.3302
101,60.3302
100,60.3302
96,60.3302
93,60.3302
90,60.3302
88,60.3302
86,60.3302
85,60.3302
84,54.7405
83,54.7405
81,54.7405
81,54.7405
101,54.7405
128,54.7405
123,54.7405
115,54.7405
111,54.7405
102,54.7405
96,54.7405
100,54.7405
101,54.7405
99,54.7405
95,54.7405
92,54.7405
89,54.7405
88,54.7405
86,54.7405
85,54.7405
83,54.7405
82,53.0727
81,53.0727
81,53.0727
79,53.0727
78,53.0727
97,53.0727
126,53.0727
121,53.0727
111,53.0727
107,53.0727
100,53.0727
95,53.0727
99,53.0727
101,53.0727
99,53.0727
95,53.0727
92,53.0727
89,53.0727
87,53.0727
86,53.0727
84,53.0727
83,53.0727
82,53.0727
80,49.6575
80,49.6575
79,49.6575
77,49.6575
84,49.6575
116,49.6575
128,49.6575
116,49.6575
111,49.6575
107,49.6575
97,49.6575
97,49.6575
100,49.6575
100,49.6575
96,49.6575
93,49.6575
90,49.6575
88,49.6575
86,49.6575
85,49.6575
83,49.6575
82,49.6575
80,49.6575
80,49.6575
78,55.6756
78,55.6756
76,55.6756
75,55.6756
78,55.6756
108,55.6756
126,55.6756
114,55.6756
107,55.6756
104,55.6756
95,55.6756
94,55.6756
98,55.6756
99,55.6756
96,55.6756
92,55.6756
89,55.6756
87,55.6756
85,55.6756
84,55.6756
82,55.6756
82,55.6756
80,27.3125
80,27.3125
79,27.3125
77,27.3125
85,27.3125
116,27.3125
123,27.3125
111,27.3125
105,27.3125
100,27.3125
92,27.3125
95,27.3125
97,27.3125
97,27.3125
93,27.3125
90,27.3125
87,27.3125
86,27.3125
83,27.3125
82,27.3125
81,27.3125
80,27.3125
78,27.3125
78,27.3125
77,27.3125
75,27.3125
83,27.3125
115,27.3125
124,27.3125
112,27.3125
106,27.3125
102,27.3125
94,27.3125
97,27.3125
101,27.3125
102,27.3125
99,27.3125
95,27.3125
92,27.3125
91,27.3125
89,27.3125
88,27.3125
86,27.3125
85,27.3125
82,49.4957
80,49.4957
78,49.4957
78,49.4957
98,49.4957
129,49.4957
123,49.4957
116,49.4957
112,49.4957
106,49.4957
97,49.4957
99,49.4957
101,49.4957
100,49.4957
96,49.4957
93,49.4957
90,49.4957
88,49.4957
86,49.4957
85,49.4957
83,49.4957
82,49.4957
80,49.4957
80,49.4957
78,54.9213
78,54.9213
76,54.9213
75,54.9213
83,54.9213
116,54.9213
125,54.9213
112,54.9213
106,54.9213
102,54.9213
94,54.9213
95,54.9213
99,54.9213
99,54.9213
95,54.9213
92,54.9213
89,54.9213
87,54.9213
85,54.9213
84,54.9213
83,54.9213
83,54.9213
84,54.6068
85,54.6068
83,54.6068
81,54.6068
92,54.6068
124,54.6068
127,54.6068
114,54.6068
109,54.6068
104,54.6068
98,54.6068
100,54.6068
100,54.6068
96,54.6068
92,54.6068
90,54.6068
87,54.6068
86,54.6068
84,54.6068
83,54.6068
81,54.6068
80,54.6068
78,53.2357
78,53.2357
77,53.2357
76,53.2357
89,53.2357
122,53.2357
123,53.2357
111,53.2357
107,53.2357
101,53.2357
93,53.2357
95,53.2357
98,53.2357
97,53.2357
93,53.2357
90,53.2357
87,53.2357
85,53.2357
84,53.2357
82,53.2357
81,53.2357
80,53.2357
78,57.0828
78,57.0828
77,57.0828
75,57.0828
75,57.0828
98,57.0828
124,57.0828
115,57.0828
106,57.0828
102,57.0828
94,57.0828
92,57.0828
96,57.0828
98,57.0828
95,57.0828
91,57.0828
88,57.0828
86,57.0828
85,57.0828
83,57.0828
81,57.0828
80,51.5815
79,51.5815
79,51.5815
77,51.5815
78,51.5815
103,51.5815
128,51.5815
118,51.5815
110,51.5815
106,51.5815
99,51.5815
95,51.5815
98,51.5815
98,51.5815
96,51.5815
92,51.5815
90,51.5815
87,51.5815
86,51.5815
84,51.5815
82,51.5815
81,51.5815
79,51.5815
78,51.5815
77,48.6642
77,48.6642
76,48.6642
75,48.6642
94,48.6642
125,48.6642
121,48.6642
111,48.6642
107,48.6642
102,48.6642
95,48.6642
96,48.6642
99,48.6642
97,48.6642
93,48.6642
90,48.6642
88,48.6642
86,48.6642
85,48.6642
83,48.6642
81,48.6642
80,48.6642
79,48.6642
78,48.6642
76,49.5539
76,49.5539
75,49.5539
74,49.5539
77,49.5539
107,49.5539
124,49.5539
113,49.5539
107,49.5539
104,49.5539
96,49.5539
93,49.5539
97,49.5539
97,49.5539
94,49.5539
91,49.5539
89,49.5539
86,49.5539
85,49.5539
83,49.5539
81,49.5539
80,49.5539
79,49.5539
77,49.5539
76,51.4272
75,51.4272
75,51.4272
73,51.4272
73,51.4272
96,51.4272
121,51.4272
113,51.4272
105,51.4272
101,51.4272
94,51.4272
90,51.4272
93,51.4272
94,51.4272
93,51.4272
89,51.4272
87,51.4272
84,51.4272
83,51.4272
81,51.4272
79,51.4272
78,51.4272
77,51.4272
75,51.4272
75,54.7418
74,54.7418
73,54.7418
72,54.7418
82,54.7418
112,54.7418
117,54.7418
106,54.7418
102,54.7418
96,54.7418
89,54.7418
90,54.7418
93,54.7418
92,54.7418
90,54.7418
87,54.7418
84,54.7418
82,54.7418
81,54.7418
79,54.7418
78,54.7418
76,54.7418
76,56.3036
75,56.3036
74,56.3036
72,56.3036
85,56.3036
114,56.3036
117,56.3036
106,56.3036
102,56.3036
96,56.3036
90,56.3036
91,56.3036
94,56.3036
92,56.3036
90,56.3036
86,56.3036
84,56.3036
82,56.3036
81,56.3036
79,56.3036
78,56.3036
76,58.3375
76,58.3375
75,58.3375
73,58.3375
78,58.3375
106,58.3375
120,58.3375
110,58.3375
104,58.3375
100,58.3375
91,58.3375
90,58.3375
93,58.3375
94,58.3375
91,58.3375
88,58.3375
85,58.3375
83,58.3375
81,58.3375
80,58.3375
78,58.3375
77,62.6764
76,62.6764
75,62.6764
73,62.6764
84,62.6764
113,62.6764
115,62.6764
103,62.6764
99,62.6764
92,62.6764
88,62.6764
91,62.6764
94,62.6764
92,62.6764
89,62.6764
85,62.6764
84,62.6764
82,62.6764
80,62.6764
79,59.039
78,59.039
77,59.039
75,59.039
87,59.039
117,59.039
121,59.039
110,59.039
105,59.039
100,59.039
92,59.039
93,59.039
96,59.039
95,59.039
92,59.039
89,59.039
85,59.039
84,59.039
82,59.039
81,59.039
79,60.9469
78,60.9469
77,60.9469
75,60.9469
80,60.9469
111,60.9469
124,60.9469
112,60.9469
106,60.9469
102,60.9469
93,60.9469
93,60.9469
96,60.9469
96,60.9469
93,60.9469
90,60.9469
87,60.9469
86,60.9469
84,60.9469
85,60.9469
84,29.059
84,29.059
82,29.059
81,29.059
97,29.059
129,29.059
126,29.059
118,29.059
115,29.059
110,29.059
101,29.059
103,29.059
105,29.059
103,29.059
98,29.059
95,29.059
93,29.059
91,29.059
88,29.059
86,29.059
83,29.059
82,29.059
82,29.059
80,29.059
82,29.059
113,29.059
131,29.059
119,29.059
113,29.059
109,29.059
99,29.059
94,29.059
96,29.059
98,29.059
95,29.059
91,29.059
88,29.059
85,29.059
83,29.059
82,29.059
80,29.059
78,62.0898
78,62.0898
77,62.0898
74,62.0898
78,62.0898
105,62.0898
120,62.0898
108,62.0898
98,62.0898
96,62.0898
96,62.0898
96,62.0898
96,62.0898
96,62.0898
96,62.0898
96,62.0898
96,62.0898
96,62.0898
96,62.0898
96,67.8547
96,67.8547
96,67.8547
96,67.8547
96,67.8547
96,67.8547
96,67.8547
96,67.8547
96,67.8547
88,67.8547
87,67.8547
87,67.8547
