0	3.5423
0.00010753	3.5341
0.00021505	3.526
0.00032258	3.5178
0.00043011	3.5097
0.00053763	3.5016
0.00064516	3.4935
0.00075269	3.4854
0.00086022	3.4774
0.00096774	3.4693
0.0010753	3.4613
0.0011828	3.4533
0.0012903	3.4453
0.0013978	3.4373
0.0015054	3.4293
0.0016129	3.4214
0.0017204	3.4134
0.001828	3.4055
0.0019355	3.3976
0.002043	3.3897
0.0021505	3.3818
0.0022581	3.374
0.0023656	3.3661
0.0024731	3.3583
0.0025806	3.3505
0.0026882	3.3427
0.0027957	3.3349
0.0029032	3.3271
0.0030108	3.3194
0.0031183	3.3116
0.0032258	3.3039
0.0033333	3.2962
0.0034409	3.2885
0.0035484	3.2808
0.0036559	3.2731
0.0037634	3.2655
0.003871	3.2578
0.0039785	3.2502
0.004086	3.2426
0.0041935	3.235
0.0043011	3.2275
0.0044086	3.2199
0.0045161	3.2124
0.0046237	3.2048
0.0047312	3.1973
0.0048387	3.1898
0.0049462	3.1823
0.0050538	3.1749
0.0051613	3.1674
0.0052688	3.16
0.0053763	3.1526
0.0054839	3.1452
0.0055914	3.1378
0.0056989	3.1304
0.0058065	3.123
0.005914	3.1157
0.0060215	3.1084
0.006129	3.1011
0.0062366	3.0938
0.0063441	3.0865
0.0064516	3.0792
0.0065591	3.072
0.0066667	3.0647
0.0067742	3.0575
0.0068817	3.0503
0.0069892	3.0431
0.0070968	3.0359
0.0072043	3.0288
0.0073118	3.0216
0.0074194	3.0145
0.0075269	3.0074
0.0076344	3.0003
0.0077419	2.9932
0.0078495	2.9861
0.007957	2.9791
0.0080645	2.972
0.008172	2.965
0.0082796	2.958
0.0083871	2.951
0.0084946	2.944
0.0086022	2.9371
0.0087097	2.9301
0.0088172	2.9232
0.0089247	2.9163
0.0090323	2.9094
0.0091398	2.9025
0.0092473	2.8956
0.0093548	2.8888
0.0094624	2.8819
0.0095699	2.8751
0.0096774	2.8683
0.0097849	2.8615
0.0098925	2.8547
0.01	2.8479
0.010108	2.8412
0.010215	2.8345
0.010323	2.8277
0.01043	2.821
0.010538	2.8143
0.010645	2.8077
0.010753	2.801
0.01086	2.7944
0.010968	2.7877
0.011075	2.7811
0.011183	2.7745
0.01129	2.7679
0.011398	2.7613
0.011505	2.7548
0.011613	2.7482
0.01172	2.7417
0.011828	2.7352
0.011935	2.7287
0.012043	2.7222
0.012151	2.7157
0.012258	2.7093
0.012366	2.7028
0.012473	2.6964
0.012581	2.69
0.012688	2.6836
0.012796	2.6772
0.012903	2.6708
0.013011	2.6645
0.013118	2.6581
0.013226	2.6518
0.013333	2.6455
0.013441	2.6392
0.013548	2.6329
0.013656	2.6266
0.013763	2.6204
0.013871	2.6141
0.013978	2.6079
0.014086	2.6017
0.014194	2.5955
0.014301	2.5893
0.014409	2.5831
0.014516	2.577
0.014624	2.5708
0.014731	2.5647
0.014839	2.5586
0.014946	2.5524
0.015054	2.5464
0.015161	2.5403
0.015269	2.5342
0.015376	2.5281
0.015484	2.5221
0.015591	2.5161
0.015699	2.5101
0.015806	2.5041
0.015914	2.4981
0.016022	2.4921
0.016129	2.4861
0.016237	2.4802
0.016344	2.4743
0.016452	2.4683
0.016559	2.4624
0.016667	2.4565
0.016774	2.4507
0.016882	2.4448
0.016989	2.439
0.017097	2.4331
0.017204	2.4273
0.017312	2.4215
0.017419	2.4157
0.017527	2.4099
0.017634	2.4042
0.017742	2.3985
0.017849	2.3927
0.017957	2.387
0.018065	2.3813
0.018172	2.3757
0.01828	2.37
0.018387	2.3644
0.018495	2.3588
0.018602	2.3532
0.01871	2.3476
0.018817	2.3421
0.018925	2.3366
0.019032	2.3311
0.01914	2.3256
0.019247	2.3201
0.019355	2.3147
0.019462	2.3093
0.01957	2.304
0.019677	2.2986
0.019785	2.2933
0.019892	2.288
0.02	2.2828
0.020108	2.2776
0.020215	2.2724
0.020323	2.2673
0.02043	2.2622
0.020538	2.2571
0.020645	2.2521
0.020753	2.2472
0.02086	2.2422
0.020968	2.2374
0.021075	2.2325
0.021183	2.2278
0.02129	2.2231
0.021398	2.2184
0.021505	2.2138
0.021613	2.2092
0.02172	2.2048
0.021828	2.2003
0.021935	2.196
0.022043	2.1917
0.022151	2.1875
0.022258	2.1834
0.022366	2.1793
0.022473	2.1753
0.022581	2.1714
0.022688	2.1676
0.022796	2.1638
0.022903	2.1602
0.023011	2.1567
0.023118	2.1532
0.023226	2.1498
0.023333	2.1466
0.023441	2.1434
0.023548	2.1404
0.023656	2.1374
0.023763	2.1346
0.023871	2.1319
0.023978	2.1293
0.024086	2.1268
0.024194	2.1244
0.024301	2.1222
0.024409	2.1201
0.024516	2.1181
0.024624	2.1163
0.024731	2.1145
0.024839	2.113
0.024946	2.1115
0.025054	2.1102
0.025161	2.1091
0.025269	2.1081
0.025376	2.1073
0.025484	2.1066
0.025591	2.106
0.025699	2.1056
0.025806	2.1054
0.025914	2.1053
0.026022	2.1054
0.026129	2.1057
0.026237	2.1061
0.026344	2.1067
0.026452	2.1074
0.026559	2.1084
0.026667	2.1095
0.026774	2.1107
0.026882	2.1122
0.026989	2.1138
0.027097	2.1156
0.027204	2.1176
0.027312	2.1197
0.027419	2.122
0.027527	2.1245
0.027634	2.1272
0.027742	2.1301
0.027849	2.1332
0.027957	2.1364
0.028065	2.1398
0.028172	2.1434
0.02828	2.1472
0.028387	2.1512
0.028495	2.1553
0.028602	2.1596
0.02871	2.1641
0.028817	2.1688
0.028925	2.1737
0.029032	2.1788
0.02914	2.184
0.029247	2.1894
0.029355	2.195
0.029462	2.2008
0.02957	2.2068
0.029677	2.2129
0.029785	2.2192
0.029892	2.2257
0.03	2.2324
0.030108	2.2392
0.030215	2.2462
0.030323	2.2534
0.03043	2.2608
0.030538	2.2683
0.030645	2.276
0.030753	2.2839
0.03086	2.292
0.030968	2.3002
0.031075	2.3085
0.031183	2.3171
0.03129	2.3258
0.031398	2.3346
0.031505	2.3436
0.031613	2.3528
0.03172	2.3622
0.031828	2.3717
0.031935	2.3813
0.032043	2.3911
0.032151	2.4011
0.032258	2.4112
0.032366	2.4214
0.032473	2.4318
0.032581	2.4424
0.032688	2.4531
0.032796	2.4639
0.032903	2.4749
0.033011	2.486
0.033118	2.4972
0.033226	2.5086
0.033333	2.5202
0.033441	2.5318
0.033548	2.5436
0.033656	2.5555
0.033763	2.5676
0.033871	2.5798
0.033978	2.5921
0.034086	2.6045
0.034194	2.6171
0.034301	2.6298
0.034409	2.6426
0.034516	2.6555
0.034624	2.6686
0.034731	2.6817
0.034839	2.695
0.034946	2.7084
0.035054	2.7219
0.035161	2.7355
0.035269	2.7492
0.035376	2.763
0.035484	2.777
0.035591	2.791
0.035699	2.8052
0.035806	2.8194
0.035914	2.8338
0.036022	2.8482
0.036129	2.8628
0.036237	2.8774
0.036344	2.8921
0.036452	2.907
0.036559	2.9219
0.036667	2.9369
0.036774	2.952
0.036882	2.9672
0.036989	2.9825
0.037097	2.9979
0.037204	3.0133
0.037312	3.0288
0.037419	3.0445
0.037527	3.0602
0.037634	3.0759
0.037742	3.0918
0.037849	3.1077
0.037957	3.1237
0.038065	3.1398
0.038172	3.1559
0.03828	3.1722
0.038387	3.1885
0.038495	3.2048
0.038602	3.2212
0.03871	3.2377
0.038817	3.2543
0.038925	3.2709
0.039032	3.2876
0.03914	3.3043
0.039247	3.3211
0.039355	3.338
0.039462	3.3549
0.03957	3.3719
0.039677	3.3889
0.039785	3.406
0.039892	3.4231
0.04	3.4403
0.040108	3.4576
0.040215	3.4748
0.040323	3.4922
0.04043	3.5095
0.040538	3.527
0.040645	3.5444
0.040753	3.5619
0.04086	3.5795
0.040968	3.5971
0.041075	3.6147
0.041183	3.6324
0.04129	3.6501
0.041398	3.6678
0.041505	3.6856
0.041613	3.7034
0.04172	3.7213
0.041828	3.7391
0.041935	3.757
0.042043	3.775
0.042151	3.7929
0.042258	3.8109
0.042366	3.8289
0.042473	3.847
0.042581	3.865
0.042688	3.8831
0.042796	3.9012
0.042903	3.9193
0.043011	3.9375
0.043118	3.9556
0.043226	3.9738
0.043333	3.992
0.043441	4.0102
0.043548	4.0285
0.043656	4.0467
0.043763	4.0649
0.043871	4.0832
0.043978	4.1015
0.044086	4.1197
0.044194	4.138
0.044301	4.1563
0.044409	4.1746
0.044516	4.1929
0.044624	4.2112
0.044731	4.2295
0.044839	4.2478
0.044946	4.2661
0.045054	4.2844
0.045161	4.3027
0.045269	4.321
0.045376	4.3393
0.045484	4.3576
0.045591	4.3759
0.045699	4.3941
0.045806	4.4124
0.045914	4.4306
0.046022	4.4489
0.046129	4.4671
0.046237	4.4853
0.046344	4.5035
0.046452	4.5217
0.046559	4.5399
0.046667	4.558
0.046774	4.5762
0.046882	4.5943
0.046989	4.6124
0.047097	4.6305
0.047204	4.6485
0.047312	4.6666
0.047419	4.6846
0.047527	4.7025
0.047634	4.7205
0.047742	4.7384
0.047849	4.7563
0.047957	4.7742
0.048065	4.792
0.048172	4.8098
0.04828	4.8276
0.048387	4.8454
0.048495	4.8631
0.048602	4.8808
0.04871	4.8984
0.048817	4.916
0.048925	4.9336
0.049032	4.9511
0.04914	4.9686
0.049247	4.986
0.049355	5.0034
0.049462	5.0208
0.04957	5.0381
0.049677	5.0554
0.049785	5.0726
0.049892	5.0898
0.05	5.107
0.050108	5.1241
0.050215	5.1411
0.050323	5.1581
0.05043	5.1751
0.050538	5.192
0.050645	5.2088
0.050753	5.2256
0.05086	5.2423
0.050968	5.259
0.051075	5.2757
0.051183	5.2923
0.05129	5.3088
0.051398	5.3253
0.051505	5.3417
0.051613	5.358
0.05172	5.3743
0.051828	5.3906
0.051935	5.4067
0.052043	5.4229
0.052151	5.4389
0.052258	5.4549
0.052366	5.4708
0.052473	5.4867
0.052581	5.5025
0.052688	5.5182
0.052796	5.5339
0.052903	5.5495
0.053011	5.5651
0.053118	5.5805
0.053226	5.5959
0.053333	5.6113
0.053441	5.6265
0.053548	5.6417
0.053656	5.6569
0.053763	5.6719
0.053871	5.6869
0.053978	5.7018
0.054086	5.7166
0.054194	5.7314
0.054301	5.7461
0.054409	5.7607
0.054516	5.7752
0.054624	5.7897
0.054731	5.8041
0.054839	5.8184
0.054946	5.8326
0.055054	5.8468
0.055161	5.8608
0.055269	5.8748
0.055376	5.8887
0.055484	5.9026
0.055591	5.9163
0.055699	5.93
0.055806	5.9435
0.055914	5.957
0.056022	5.9704
0.056129	5.9837
0.056237	5.997
0.056344	6.0101
0.056452	6.0232
0.056559	6.0361
0.056667	6.049
0.056774	6.0618
0.056882	6.0745
0.056989	6.0871
0.057097	6.0996
0.057204	6.112
0.057312	6.1243
0.057419	6.1366
0.057527	6.1487
0.057634	6.1607
0.057742	6.1726
0.057849	6.1845
0.057957	6.1962
0.058065	6.2078
0.058172	6.2193
0.05828	6.2308
0.058387	6.2421
0.058495	6.2533
0.058602	6.2644
0.05871	6.2754
0.058817	6.2862
0.058925	6.297
0.059032	6.3077
0.05914	6.3182
0.059247	6.3287
0.059355	6.339
0.059462	6.3492
0.05957	6.3593
0.059677	6.3693
0.059785	6.3791
0.059892	6.3888
0.06	6.3984
0.060108	6.4079
0.060215	6.4173
0.060323	6.4265
0.06043	6.4356
0.060538	6.4446
0.060645	6.4535
0.060753	6.4622
0.06086	6.4708
0.060968	6.4792
0.061075	6.4876
0.061183	6.4958
0.06129	6.5038
0.061398	6.5117
0.061505	6.5195
0.061613	6.5272
0.06172	6.5347
0.061828	6.542
0.061935	6.5493
0.062043	6.5564
0.062151	6.5633
0.062258	6.5701
0.062366	6.5767
0.062473	6.5832
0.062581	6.5896
0.062688	6.5958
0.062796	6.6019
0.062903	6.6078
0.063011	6.6135
0.063118	6.6192
0.063226	6.6246
0.063333	6.6299
0.063441	6.6351
0.063548	6.6401
0.063656	6.645
0.063763	6.6497
0.063871	6.6543
0.063978	6.6587
0.064086	6.6629
0.064194	6.667
0.064301	6.671
0.064409	6.6748
0.064516	6.6785
0.064624	6.682
0.064731	6.6853
0.064839	6.6885
0.064946	6.6916
0.065054	6.6945
0.065161	6.6972
0.065269	6.6998
0.065376	6.7023
0.065484	6.7046
0.065591	6.7067
0.065699	6.7087
0.065806	6.7106
0.065914	6.7123
0.066022	6.7139
0.066129	6.7154
0.066237	6.7166
0.066344	6.7178
0.066452	6.7188
0.066559	6.7197
0.066667	6.7204
0.066774	6.721
0.066882	6.7215
0.066989	6.7218
0.067097	6.722
0.067204	6.7221
0.067312	6.722
0.067419	6.7218
0.067527	6.7215
0.067634	6.7211
0.067742	6.7205
0.067849	6.7198
0.067957	6.719
0.068065	6.718
0.068172	6.717
0.06828	6.7158
0.068387	6.7145
0.068495	6.7131
0.068602	6.7115
0.06871	6.7099
0.068817	6.7081
0.068925	6.7063
0.069032	6.7043
0.06914	6.7022
0.069247	6.7
0.069355	6.6977
0.069462	6.6953
0.06957	6.6928
0.069677	6.6902
0.069785	6.6875
0.069892	6.6847
0.07	6.6817
0.070108	6.6787
0.070215	6.6756
0.070323	6.6724
0.07043	6.6691
0.070538	6.6658
0.070645	6.6623
0.070753	6.6587
0.07086	6.655
0.070968	6.6513
0.071075	6.6475
0.071183	6.6435
0.07129	6.6395
0.071398	6.6355
0.071505	6.6313
0.071613	6.627
0.07172	6.6227
0.071828	6.6183
0.071935	6.6138
0.072043	6.6092
0.072151	6.6046
0.072258	6.5998
0.072366	6.595
0.072473	6.5902
0.072581	6.5852
0.072688	6.5802
0.072796	6.5751
0.072903	6.5699
0.073011	6.5647
0.073118	6.5594
0.073226	6.554
0.073333	6.5486
0.073441	6.5431
0.073548	6.5375
0.073656	6.5318
0.073763	6.5261
0.073871	6.5204
0.073978	6.5145
0.074086	6.5086
0.074194	6.5027
0.074301	6.4967
0.074409	6.4906
0.074516	6.4844
0.074624	6.4782
0.074731	6.472
0.074839	6.4657
0.074946	6.4593
0.075054	6.4529
0.075161	6.4464
0.075269	6.4399
0.075376	6.4333
0.075484	6.4266
0.075591	6.4199
0.075699	6.4132
0.075806	6.4063
0.075914	6.3995
0.076022	6.3926
0.076129	6.3856
0.076237	6.3786
0.076344	6.3715
0.076452	6.3644
0.076559	6.3573
0.076667	6.3501
0.076774	6.3428
0.076882	6.3355
0.076989	6.3282
0.077097	6.3208
0.077204	6.3134
0.077312	6.3059
0.077419	6.2984
0.077527	6.2908
0.077634	6.2832
0.077742	6.2756
0.077849	6.2679
0.077957	6.2601
0.078065	6.2524
0.078172	6.2446
0.07828	6.2367
0.078387	6.2288
0.078495	6.2209
0.078602	6.2129
0.07871	6.2049
0.078817	6.1969
0.078925	6.1888
0.079032	6.1807
0.07914	6.1726
0.079247	6.1644
0.079355	6.1562
0.079462	6.1479
0.07957	6.1396
0.079677	6.1313
0.079785	6.123
0.079892	6.1146
0.08	6.1062
0.080108	6.0977
0.080215	6.0892
0.080323	6.0807
0.08043	6.0722
0.080538	6.0636
0.080645	6.055
0.080753	6.0464
0.08086	6.0378
0.080968	6.0291
0.081075	6.0204
0.081183	6.0116
0.08129	6.0029
0.081398	5.9941
0.081505	5.9853
0.081613	5.9765
0.08172	5.9676
0.081828	5.9587
0.081935	5.9498
0.082043	5.9409
0.082151	5.9319
0.082258	5.9229
0.082366	5.9139
0.082473	5.9049
0.082581	5.8959
0.082688	5.8868
0.082796	5.8777
0.082903	5.8686
0.083011	5.8595
0.083118	5.8503
0.083226	5.8412
0.083333	5.832
0.083441	5.8228
0.083548	5.8136
0.083656	5.8043
0.083763	5.7951
0.083871	5.7858
0.083978	5.7765
0.084086	5.7672
0.084194	5.7579
0.084301	5.7485
0.084409	5.7392
0.084516	5.7298
0.084624	5.7204
0.084731	5.711
0.084839	5.7016
0.084946	5.6921
0.085054	5.6827
0.085161	5.6732
0.085269	5.6638
0.085376	5.6543
0.085484	5.6448
0.085591	5.6353
0.085699	5.6258
0.085806	5.6162
0.085914	5.6067
0.086022	5.5971
0.086129	5.5876
0.086237	5.578
0.086344	5.5684
0.086452	5.5588
0.086559	5.5492
0.086667	5.5396
0.086774	5.53
0.086882	5.5203
0.086989	5.5107
0.087097	5.501
0.087204	5.4914
0.087312	5.4817
0.087419	5.472
0.087527	5.4624
0.087634	5.4527
0.087742	5.443
0.087849	5.4333
0.087957	5.4236
0.088065	5.4139
0.088172	5.4042
0.08828	5.3944
0.088387	5.3847
0.088495	5.375
0.088602	5.3652
0.08871	5.3555
0.088817	5.3457
0.088925	5.336
0.089032	5.3262
0.08914	5.3165
0.089247	5.3067
0.089355	5.2969
0.089462	5.2872
0.08957	5.2774
0.089677	5.2676
0.089785	5.2579
0.089892	5.2481
0.09	5.2383
0.090108	5.2285
0.090215	5.2187
0.090323	5.209
0.09043	5.1992
0.090538	5.1894
0.090645	5.1796
0.090753	5.1698
0.09086	5.16
0.090968	5.1502
0.091075	5.1405
0.091183	5.1307
0.09129	5.1209
0.091398	5.1111
0.091505	5.1013
0.091613	5.0915
0.09172	5.0818
0.091828	5.072
0.091935	5.0622
0.092043	5.0524
0.092151	5.0426
0.092258	5.0329
0.092366	5.0231
0.092473	5.0133
0.092581	5.0036
0.092688	4.9938
0.092796	4.9841
0.092903	4.9743
0.093011	4.9645
0.093118	4.9548
0.093226	4.9451
0.093333	4.9353
0.093441	4.9256
0.093548	4.9158
0.093656	4.9061
0.093763	4.8964
0.093871	4.8867
0.093978	4.877
0.094086	4.8672
0.094194	4.8575
0.094301	4.8478
0.094409	4.8382
0.094516	4.8285
0.094624	4.8188
0.094731	4.8091
0.094839	4.7994
0.094946	4.7898
0.095054	4.7801
0.095161	4.7705
0.095269	4.7608
0.095376	4.7512
0.095484	4.7415
0.095591	4.7319
0.095699	4.7223
0.095806	4.7127
0.095914	4.7031
0.096022	4.6935
0.096129	4.6839
0.096237	4.6743
0.096344	4.6647
0.096452	4.6552
0.096559	4.6456
0.096667	4.6361
0.096774	4.6265
0.096882	4.617
0.096989	4.6075
0.097097	4.5979
0.097204	4.5884
0.097312	4.5789
0.097419	4.5694
0.097527	4.5599
0.097634	4.5505
0.097742	4.541
0.097849	4.5316
0.097957	4.5221
0.098065	4.5127
0.098172	4.5032
0.09828	4.4938
0.098387	4.4844
0.098495	4.475
0.098602	4.4656
0.09871	4.4563
0.098817	4.4469
0.098925	4.4375
0.099032	4.4282
0.09914	4.4189
0.099247	4.4095
0.099355	4.4002
0.099462	4.3909
0.09957	4.3816
0.099677	4.3723
0.099785	4.3631
0.099892	4.3538
0.1	4.3445
0.10011	4.3353
0.10022	4.3261
0.10032	4.3169
0.10043	4.3077
0.10054	4.2985
0.10065	4.2893
0.10075	4.2801
0.10086	4.271
0.10097	4.2618
0.10108	4.2527
0.10118	4.2435
0.10129	4.2344
0.1014	4.2253
0.10151	4.2163
0.10161	4.2072
0.10172	4.1981
0.10183	4.1891
0.10194	4.18
0.10204	4.171
0.10215	4.162
0.10226	4.153
0.10237	4.144
0.10247	4.135
0.10258	4.1261
0.10269	4.1171
0.1028	4.1082
0.1029	4.0992
0.10301	4.0903
0.10312	4.0814
0.10323	4.0726
0.10333	4.0637
0.10344	4.0548
0.10355	4.046
0.10366	4.0371
0.10376	4.0283
0.10387	4.0195
0.10398	4.0107
0.10409	4.0019
0.10419	3.9932
0.1043	3.9844
0.10441	3.9757
0.10452	3.967
0.10462	3.9583
0.10473	3.9496
0.10484	3.9409
0.10495	3.9322
0.10505	3.9235
0.10516	3.9149
0.10527	3.9063
0.10538	3.8977
0.10548	3.8891
0.10559	3.8805
0.1057	3.8719
0.10581	3.8633
0.10591	3.8548
0.10602	3.8463
0.10613	3.8378
0.10624	3.8293
0.10634	3.8208
0.10645	3.8123
0.10656	3.8038
0.10667	3.7954
0.10677	3.787
0.10688	3.7786
0.10699	3.7702
0.1071	3.7618
0.1072	3.7534
0.10731	3.745
0.10742	3.7367
0.10753	3.7284
0.10763	3.7201
0.10774	3.7118
0.10785	3.7035
0.10796	3.6952
0.10806	3.687
0.10817	3.6787
0.10828	3.6705
0.10839	3.6623
0.10849	3.6541
0.1086	3.6459
0.10871	3.6377
0.10882	3.6296
0.10892	3.6215
0.10903	3.6133
0.10914	3.6052
0.10925	3.5971
0.10935	3.5891
0.10946	3.581
0.10957	3.573
0.10968	3.5649
0.10978	3.5569
0.10989	3.5489
0.11	3.5409
