129,60.6617
102,60.6617
76,60.6617
65,60.6617
58,60.6617
56,60.6617
77,60.6617
83,60.6617
70,60.6617
60,60.6617
55,60.6617
53,60.6617
52,60.6617
51,58.6667
51,58.6667
51,58.6667
50,58.6667
48,58.6667
84,58.6667
133,58.6667
103,58.6667
80,58.6667
71,58.6667
65,58.6667
63,58.6667
80,58.6667
84,58.6667
71,58.6667
63,58.6667
58,58.6667
56,58.6667
54,58.6667
54,58.6667
53,64.0887
53,64.0887
52,64.0887
50,64.0887
50,64.0887
103,64.0887
130,64.0887
98,64.0887
77,64.0887
71,64.0887
64,64.0887
69,64.0887
87,64.0887
82,64.0887
70,64.0887
62,64.0887
59,64.0887
57,64.0887
56,64.0887
55,65.5049
54,65.5049
53,65.5049
53,65.5049
51,65.5049
48,65.5049
66,65.5049
132,65.5049
110,65.5049
84,65.5049
71,65.5049
66,65.5049
62,65.5049
79,65.5049
89,65.5049
75,65.5049
65,65.5049
60,65.5049
57,62.669
56,62.669
55,62.669
55,62.669
55,62.669
54,62.669
52,62.669
79,62.669
133,62.669
103,62.669
79,62.669
70,62.669
62,62.669
63,62.669
84,62.669
86,62.669
72,62.669
63,62.669
59,62.669
57,62.669
56,57.8121
55,57.8121
56,57.8121
55,57.8121
53,57.8121
70,57.8121
135,57.8121
112,57.8121
87,57.8121
78,57.8121
73,57.8121
66,57.8121
81,57.8121
89,57.8121
76,57.8121
67,57.8121
62,57.8121
59,57.8121
58,57.8121
58,57.8121
57,55.9533
57,55.9533
55,55.9533
53,55.9533
65,55.9533
131,55.9533
116,55.9533
91,55.9533
80,55.9533
75,55.9533
68,55.9533
81,55.9533
90,55.9533
78,55.9533
69,55.9533
64,55.9533
61,55.9533
59,55.9533
59,55.9533
59,55.9533
57,55.9533
57,55.9533
56,62.186
53,62.186
50,62.186
77,62.186
138,62.186
110,62.186
86,62.186
77,62.186
72,62.186
69,62.186
86,62.186
89,62.186
75,62.186
67,62.186
63,62.186
60,62.186
59,62.186
59,62.186
58,62.186
57,62.6144
56,62.6144
55,62.6144
53,62.6144
50,62.6144
52,62.6144
109,62.6144
129,62.6144
95,62.6144
76,62.6144
70,62.6144
62,62.6144
73,62.6144
92,62.6144
81,62.6144
69,62.6144
62,62.6144
59,62.6144
57,62.6144
57,61.1003
57,61.1003
56,61.1003
57,61.1003
55,61.1003
52,61.1003
83,61.1003
137,61.1003
104,61.1003
80,61.1003
71,61.1003
64,61.1003
65,61.1003
87,61.1003
86,61.1003
71,61.1003
63,61.1003
59,61.1003
57,61.1003
56,61.1003
56,58.2007
56,58.2007
56,58.2007
54,58.2007
52,58.2007
84,58.2007
141,58.2007
108,58.2007
85,58.2007
77,58.2007
73,58.2007
69,58.2007
86,58.2007
89,58.2007
76,58.2007
67,58.2007
62,58.2007
60,58.2007
59,58.2007
59,58.2007
57,58.2007
58,62.5476
57,62.5476
54,62.5476
55,62.5476
112,62.5476
133,62.5476
100,62.5476
82,62.5476
77,62.5476
68,62.5476
76,62.5476
92,62.5476
84,62.5476
72,62.5476
65,62.5476
62,62.5476
60,62.5476
60,62.5476
59,62.5476
58,61.9309
57,61.9309
57,61.9309
54,61.9309
51,61.9309
63,61.9309
133,61.9309
118,61.9309
89,61.9309
75,61.9309
70,61.9309
65,61.9309
83,61.9309
93,61.9309
79,61.9309
68,61.9309
63,61.9309
60,61.9309
59,61.9309
58,58.1301
58,58.1301
59,58.1301
58,58.1301
55,58.1301
57,58.1301
116,58.1301
128,58.1301
94,58.1301
76,58.1301
70,58.1301
62,58.1301
76,58.1301
93,58.1301
80,58.1301
68,58.1301
62,58.1301
59,58.1301
58,58.1301
58,58.1301
57,58.1301
57,56.911
57,56.911
54,56.911
53,56.911
100,56.911
140,56.911
104,56.911
83,56.911
78,56.911
71,56.911
72,56.911
89,56.911
86,56.911
72,56.911
65,56.911
61,56.911
59,56.911
59,56.911
58,56.911
57,56.911
56,56.911
56,61.1687
53,61.1687
50,61.1687
57,61.1687
125,61.1687
124,61.1687
93,61.1687
77,61.1687
73,61.1687
65,61.1687
76,61.1687
90,61.1687
80,61.1687
68,61.1687
62,61.1687
59,61.1687
57,61.1687
57,61.1687
56,61.1687
55,62.5618
54,62.5618
53,62.5618
51,62.5618
49,62.5618
51,62.5618
111,62.5618
128,62.5618
93,62.5618
74,62.5618
68,62.5618
60,62.5618
69,62.5618
89,62.5618
80,62.5618
67,62.5618
60,62.5618
56,62.5618
55,62.5618
54,62.5618
54,60.6515
53,60.6515
53,60.6515
52,60.6515
49,60.6515
60,60.6515
127,60.6515
113,60.6515
83,60.6515
68,60.6515
61,60.6515
55,60.6515
73,60.6515
88,60.6515
74,60.6515
63,60.6515
57,60.6515
54,60.6515
52,60.6515
52,58.543
51,58.543
51,58.543
51,58.543
48,58.543
58,58.543
126,58.543
116,58.543
87,58.543
72,58.543
67,58.543
59,58.543
70,58.543
87,58.543
76,58.543
64,58.543
59,58.543
55,58.543
53,58.543
52,58.543
52,58.543
51,61.0046
51,61.0046
50,61.0046
47,61.0046
70,61.0046
135,61.0046
107,61.0046
81,61.0046
69,61.0046
64,61.0046
59,61.0046
75,61.0046
85,61.0046
72,61.0046
62,61.0046
57,61.0046
54,61.0046
53,61.0046
52,61.0046
51,61.0046
50,64.0461
50,64.0461
49,64.0461
47,64.0461
48,64.0461
103,64.0461
126,64.0461
92,64.0461
72,64.0461
65,64.0461
57,64.0461
63,64.0461
83,64.0461
78,64.0461
66,64.0461
58,64.0461
54,64.0461
52,64.0461
51,61.1089
51,61.1089
50,61.1089
50,61.1089
49,61.1089
47,61.1089
53,61.1089
116,61.1089
113,61.1089
82,61.1089
66,61.1089
59,61.1089
52,61.1089
66,61.1089
85,61.1089
74,61.1089
62,61.1089
56,61.1089
52,61.1089
51,61.1089
50,59.4139
50,59.4139
50,59.4139
49,59.4139
47,59.4139
73,59.4139
133,59.4139
104,59.4139
78,59.4139
68,59.4139
63,59.4139
58,59.4139
74,59.4139
84,59.4139
70,59.4139
61,59.4139
56,59.4139
53,59.4139
52,59.4139
51,59.4139
50,59.2816
50,59.2816
50,59.2816
48,59.2816
49,59.2816
104,59.2816
126,59.2816
94,59.2816
74,59.2816
67,59.2816
60,59.2816
65,59.2816
84,59.2816
79,59.2816
67,59.2816
60,59.2816
56,59.2816
54,59.2816
53,59.2816
53,59.2816
52,62.9392
51,62.9392
51,62.9392
49,62.9392
47,62.9392
87,62.9392
134,62.9392
100,62.9392
77,62.9392
68,62.9392
61,62.9392
62,62.9392
82,62.9392
83,62.9392
69,62.9392
61,62.9392
57,62.9392
54,62.9392
53,62.9392
53,62.2526
52,62.2526
51,62.2526
51,62.2526
50,62.2526
47,62.2526
63,62.2526
130,62.2526
108,62.2526
79,62.2526
66,62.2526
59,62.2526
55,62.2526
75,62.2526
87,62.2526
72,62.2526
62,62.2526
57,62.2526
54,62.2526
53,62.2526
52,62.3119
52,62.3119
52,62.3119
51,62.3119
49,62.3119
64,62.3119
132,62.3119
111,62.3119
83,62.3119
70,62.3119
64,62.3119
58,62.3119
75,62.3119
88,62.3119
74,62.3119
64,62.3119
58,62.3119
55,62.3119
54,62.3119
53,66.0591
52,66.0591
52,66.0591
52,66.0591
49,66.0591
56,66.0591
124,66.0591
121,66.0591
91,66.0591
74,66.0591
69,66.0591
61,66.0591
71,66.0591
87,66.0591
79,66.0591
67,66.0591
61,66.0591
57,66.0591
55,65.1474
55,65.1474
54,65.1474
53,65.1474
53,65.1474
51,65.1474
50,65.1474
100,65.1474
132,65.1474
96,65.1474
75,65.1474
68,65.1474
60,65.1474
63,65.1474
84,65.1474
82,65.1474
69,65.1474
62,65.1474
57,65.1474
55,65.5128
54,65.5128
54,65.5128
55,65.5128
54,65.5128
52,65.5128
80,65.5128
137,65.5128
102,65.5128
77,65.5128
66,65.5128
58,65.5128
60,65.5128
83,65.5128
84,65.5128
69,65.5128
61,65.5128
56,65.5128
54,65.2095
53,65.2095
53,65.2095
53,65.2095
52,65.2095
50,65.2095
66,65.2095
139,65.2095
114,65.2095
87,65.2095
75,65.2095
73,65.2095
65,65.2095
76,65.2095
89,65.2095
77,65.2095
66,65.2095
61,65.2095
58,67.3819
56,67.3819
56,67.3819
55,67.3819
55,67.3819
53,67.3819
56,67.3819
115,67.3819
128,67.3819
95,67.3819
77,67.3819
71,67.3819
61,67.3819
69,67.3819
87,67.3819
80,67.3819
67,67.3819
61,67.3819
57,63.9582
55,63.9582
54,63.9582
53,63.9582
54,63.9582
52,63.9582
50,63.9582
74,63.9582
137,63.9582
104,63.9582
78,63.9582
66,63.9582
59,63.9582
58,63.9582
82,63.9582
86,63.9582
71,63.9582
62,63.9582
57,63.9582
55,63.3681
54,63.3681
54,63.3681
54,63.3681
52,63.3681
52,63.3681
100,63.3681
139,63.3681
100,63.3681
78,63.3681
72,63.3681
64,63.3681
66,63.3681
85,63.3681
83,63.3681
70,63.3681
62,63.3681
58,63.3681
55,63.3681
55,63.6854
54,63.6854
54,63.6854
53,63.6854
51,63.6854
55,63.6854
120,63.6854
126,63.6854
94,63.6854
77,63.6854
71,63.6854
62,63.6854
72,63.6854
89,63.6854
79,63.6854
67,63.6854
61,63.6854
57,63.6854
55,63.6854
55,66.3293
54,66.3293
54,66.3293
53,66.3293
51,66.3293
54,66.3293
118,66.3293
123,66.3293
91,66.3293
73,66.3293
67,66.3293
58,66.3293
71,66.3293
89,66.3293
77,66.3293
65,66.3293
59,66.3293
56,66.3293
54,64.1662
53,64.1662
53,64.1662
53,64.1662
52,64.1662
50,64.1662
55,64.1662
119,64.1662
118,64.1662
85,64.1662
68,64.1662
60,64.1662
54,64.1662
71,64.1662
90,64.1662
75,64.1662
63,64.1662
58,64.1662
55,67.2207
54,67.2207
54,67.2207
53,67.2207
52,67.2207
50,67.2207
58,67.2207
129,67.2207
122,67.2207
92,67.2207
78,67.2207
73,67.2207
64,67.2207
74,67.2207
90,67.2207
79,67.2207
68,67.2207
63,67.2207
59,70.0764
56,70.0764
55,70.0764
54,70.0764
54,70.0764
53,70.0764
51,70.0764
75,70.0764
141,70.0764
109,70.0764
84,70.0764
74,70.0764
69,70.0764
64,70.0764
80,70.0764
86,70.0764
73,70.0764
64,71.8251
59,71.8251
56,71.8251
54,71.8251
54,71.8251
55,71.8251
53,71.8251
51,71.8251
73,71.8251
134,71.8251
104,71.8251
79,71.8251
68,71.8251
59,71.8251
57,71.8251
79,71.8251
85,71.8251
70,70.8315
61,70.8315
56,70.8315
53,70.8315
52,70.8315
52,70.8315
52,70.8315
51,70.8315
62,70.8315
128,70.8315
108,70.8315
79,70.8315
65,70.8315
55,70.8315
54,70.8315
77,70.8315
86,70.8315
70,64.4799
60,64.4799
55,64.4799
52,64.4799
51,64.4799
52,64.4799
51,64.4799
51,64.4799
102,64.4799
138,64.4799
100,64.4799
79,64.4799
73,64.4799
65,64.4799
67,64.4799
86,64.4799
82,64.4799
69,64.4799
61,64.4799
57,62.1755
55,62.1755
55,62.1755
55,62.1755
53,62.1755
55,62.1755
112,62.1755
134,62.1755
98,62.1755
80,62.1755
74,62.1755
64,62.1755
70,62.1755
88,62.1755
80,62.1755
68,62.1755
61,62.1755
57,62.1755
56,62.1755
55,66.863
54,66.863
54,66.863
53,66.863
51,66.863
64,66.863
134,66.863
113,66.863
86,66.863
73,66.863
68,66.863
60,66.863
77,66.863
88,66.863
73,66.863
63,66.863
58,66.863
56,66.863
55,64.2835
54,64.2835
53,64.2835
52,64.2835
52,64.2835
49,64.2835
49,64.2835
96,64.2835
131,64.2835
92,64.2835
70,64.2835
62,64.2835
53,64.2835
64,64.2835
88,64.2835
78,64.2835
65,64.2835
58,64.2835
54,64.2835
53,62.19
52,62.19
52,62.19
52,62.19
50,62.19
52,62.19
110,62.19
129,62.19
94,62.19
75,62.19
69,62.19
60,62.19
66,62.19
85,62.19
78,62.19
66,62.19
59,62.19
56,62.19
53,62.19
53,71.398
52,71.398
53,71.398
52,71.398
49,71.398
67,71.398
141,71.398
113,71.398
88,71.398
80,71.398
75,71.398
68,71.398
78,71.398
86,71.398
76,71.398
66,71.398
62,71.398
58,69.2302
54,69.2302
54,69.2302
53,69.2302
50,69.2302
46,69.2302
45,69.2302
48,69.2302
105,69.2302
127,69.2302
91,69.2302
71,69.2302
63,69.2302
55,69.2302
64,69.2302
90,69.2302
82,69.2302
67,72.018
59,72.018
56,72.018
54,72.018
54,72.018
54,72.018
55,72.018
66,72.018
131,72.018
119,72.018
90,72.018
74,72.018
70,72.018
61,72.018
74,72.018
92,72.018
81,72.018
68,73.7325
60,73.7325
58,73.7325
57,73.7325
57,73.7325
57,73.7325
54,73.7325
56,73.7325
116,73.7325
132,73.7325
98,73.7325
80,73.7325
75,73.7325
65,73.7325
73,73.7325
90,73.7325
83,76.5633
70,76.5633
63,76.5633
59,76.5633
57,76.5633
58,76.5633
58,76.5633
55,76.5633
64,76.5633
129,76.5633
118,76.5633
90,76.5633
75,76.5633
66,76.5633
60,76.5633
78,76.5633
90,77.8157
76,77.8157
66,77.8157
60,77.8157
55,77.8157
53,77.8157
54,77.8157
53,77.8157
54,77.8157
108,77.8157
131,77.8157
94,77.8157
74,77.8157
66,77.8157
56,77.8157
69,75.2157
91,75.2157
79,75.2157
67,75.2157
60,75.2157
56,75.2157
56,75.2157
55,75.2157
54,75.2157
60,75.2157
127,75.2157
120,75.2157
87,75.2157
71,75.2157
62,75.2157
56,75.2157
78,63.1954
90,63.1954
75,63.1954
64,63.1954
59,63.1954
57,63.1954
56,63.1954
54,63.1954
57,63.1954
116,63.1954
140,63.1954
100,63.1954
81,63.1954
76,63.1954
65,63.1954
73,63.1954
92,63.1954
82,63.1954
70,63.1954
64,66.4603
60,66.4603
59,66.4603
58,66.4603
56,66.4603
62,66.4603
130,66.4603
134,66.4603
100,66.4603
86,66.4603
81,66.4603
69,66.4603
78,66.4603
92,66.4603
82,66.4603
70,66.4603
64,66.4603
61,66.4603
59,65.9058
59,65.9058
57,65.9058
57,65.9058
56,65.9058
53,65.9058
59,65.9058
131,65.9058
127,65.9058
96,65.9058
82,65.9058
77,65.9058
67,65.9058
79,65.9058
91,65.9058
79,65.9058
69,65.9058
63,65.9058
59,71.8283
58,71.8283
57,71.8283
57,71.8283
57,71.8283
54,71.8283
55,71.8283
111,71.8283
136,71.8283
99,71.8283
80,71.8283
74,71.8283
63,71.8283
71,71.8283
89,71.8283
80,71.8283
68,71.8283
61,67.5723
58,67.5723
56,67.5723
55,67.5723
54,67.5723
54,67.5723
52,67.5723
51,67.5723
80,67.5723
140,67.5723
101,67.5723
77,67.5723
66,67.5723
58,67.5723
60,67.5723
84,67.5723
83,67.5723
68,67.5723
60,71.3929
56,71.3929
54,71.3929
53,71.3929
53,71.3929
52,71.3929
53,71.3929
105,71.3929
135,71.3929
96,71.3929
75,71.3929
69,71.3929
58,71.3929
64,71.3929
84,71.3929
78,71.3929
65,71.3929
58,75.4004
55,75.4004
52,75.4004
51,75.4004
51,75.4004
51,75.4004
49,75.4004
60,75.4004
132,75.4004
115,75.4004
87,75.4004
73,75.4004
66,75.4004
57,75.4004
70,75.4004
86,81.8617
73,81.8617
63,81.8617
57,81.8617
54,81.8617
52,81.8617
52,81.8617
51,81.8617
49,81.8617
68,81.8617
136,81.8617
108,81.8617
82,81.8617
70,81.8617
62,81.8617
56,79.7472
73,79.7472
83,79.7472
69,79.7472
60,79.7472
55,79.7472
53,79.7472
52,79.7472
50,79.7472
49,79.7472
74,79.7472
139,79.7472
104,79.7472
89,79.7472
93,79.7472
93,70.0014
94,70.0014
93,70.0014
93,70.0014
93,70.0014
93,70.0014
93,70.0014
93,70.0014
93,70.0014
93,70.0014
94,70.0014
93,70.0014
93,70.0014
80,70.0014
76,70.0014
76,70.0014
77,70.0014
77,63.9726
76,63.9726
76,63.9726
77,63.9726
76,63.9726
77,63.9726
77,63.9726
77,63.9726
77,63.9726
76,63.9726
76,63.9726
74,63.9726
69,63.9726
57,63.9726
57,63.9726
89,63.9726
76,63.9726
65,63.9726
59,63.9726
55,63.6684
52,63.6684
52,63.6684
52,63.6684
50,63.6684
50,63.6684
107,63.6684
138,63.6684
101,63.6684
79,63.6684
71,63.6684
62,63.6684
64,63.6684
84,63.6684
81,63.6684
68,63.6684
60,63.6684
56,63.6684
54,63.6684
52,63.6998
52,63.6998
51,63.6998
51,63.6998
49,63.6998
52,63.6998
123,63.6998
125,63.6998
93,63.6998
75,63.6998
67,63.6998
57,63.6998
66,63.6998
84,63.6998
77,63.6998
65,63.6998
59,63.6998
55,63.6998
53,63.6998
51,68.0112
51,68.0112
50,68.0112
50,68.0112
48,68.0112
52,68.0112
122,68.0112
121,68.0112
91,68.0112
72,68.0112
64,68.0112
55,68.0112
65,68.0112
84,68.0112
76,68.0112
64,68.0112
58,68.0112
54,71.3735
52,71.3735
51,71.3735
50,71.3735
49,71.3735
49,71.3735
47,71.3735
55,71.3735
126,71.3735
117,71.3735
87,71.3735
69,71.3735
61,71.3735
52,71.3735
65,71.3735
84,71.3735
74,71.3735
63,69.4789
57,69.4789
53,69.4789
50,69.4789
49,69.4789
50,69.4789
49,69.4789
47,69.4789
65,69.4789
132,69.4789
107,69.4789
78,69.4789
64,69.4789
54,69.4789
50,69.4789
70,69.4789
83,69.4789
70,70.0012
61,70.0012
56,70.0012
52,70.0012
50,70.0012
50,70.0012
50,70.0012
48,70.0012
87,70.0012
138,70.0012
103,70.0012
77,70.0012
66,70.0012
57,70.0012
58,70.0012
79,70.0012
82,70.0012
69,70.0012
61,66.7227
56,66.7227
54,66.7227
52,66.7227
52,66.7227
51,66.7227
50,66.7227
79,66.7227
143,66.7227
110,66.7227
85,66.7227
75,66.7227
68,66.7227
62,66.7227
79,66.7227
86,66.7227
74,66.7227
65,66.7227
60,64.2253
57,64.2253
56,64.2253
56,64.2253
55,64.2253
53,64.2253
72,64.2253
141,64.2253
115,64.2253
90,64.2253
78,64.2253
70,64.2253
64,64.2253
79,64.2253
89,64.2253
76,64.2253
67,64.2253
62,64.2253
59,67.9125
57,67.9125
57,67.9125
56,67.9125
56,67.9125
53,67.9125
73,67.9125
141,67.9125
115,67.9125
89,67.9125
78,67.9125
70,67.9125
65,67.9125
82,67.9125
90,67.9125
76,67.9125
67,67.9125
62,67.9125
60,68.0356
58,68.0356
57,68.0356
57,68.0356
56,68.0356
55,68.0356
53,68.0356
91,68.0356
142,68.0356
106,68.0356
82,68.0356
74,68.0356
65,68.0356
66,68.0356
87,68.0356
86,68.0356
73,68.0356
66,68.0356
61,64.1958
58,64.1958
57,64.1958
57,64.1958
57,64.1958
55,64.1958
55,64.1958
108,64.1958
133,64.1958
98,64.1958
77,64.1958
68,64.1958
58,64.1958
69,64.1958
91,64.1958
80,64.1958
69,64.1958
62,64.1958
58,64.084
56,64.084
55,64.084
56,64.084
55,64.084
53,64.084
71,64.084
141,64.084
116,64.084
90,64.084
79,64.084
72,64.084
64,64.084
80,64.084
90,64.084
77,64.084
68,64.084
62,64.084
60,64.084
58,60.4299
57,60.4299
56,60.4299
57,60.4299
55,60.4299
53,60.4299
97,60.4299
141,60.4299
107,60.4299
85,60.4299
78,60.4299
69,60.4299
69,60.4299
87,60.4299
86,60.4299
74,60.4299
66,60.4299
62,60.4299
60,60.4299
59,60.4299
57,60.8466
57,60.8466
57,60.8466
54,60.8466
56,60.8466
115,60.8466
132,60.8466
100,60.8466
82,60.8466
76,60.8466
65,60.8466
73,60.8466
90,60.8466
82,60.8466
70,60.8466
64,60.8466
61,60.8466
59,60.8466
58,60.8466
57,60.8466
56,65.0022
56,65.0022
55,65.0022
52,65.0022
56,65.0022
123,65.0022
125,65.0022
96,65.0022
77,65.0022
71,65.0022
63,65.0022
74,65.0022
91,65.0022
80,65.0022
69,65.0022
63,65.0022
59,65.0022
57,65.0022
57,63.0454
56,63.0454
55,63.0454
55,63.0454
54,63.0454
51,63.0454
59,63.0454
128,63.0454
116,63.0454
86,63.0454
70,63.0454
62,63.0454
57,63.0454
77,63.0454
90,63.0454
76,63.0454
66,63.0454
60,63.0454
57,63.0454
55,65.1577
54,65.1577
54,65.1577
54,65.1577
53,65.1577
53,65.1577
107,65.1577
135,65.1577
101,65.1577
80,65.1577
73,65.1577
65,65.1577
68,65.1577
87,65.1577
84,65.1577
71,65.1577
63,65.1577
59,65.1577
57,72.1097
56,72.1097
55,72.1097
55,72.1097
55,72.1097
53,72.1097
52,72.1097
107,72.1097
135,72.1097
102,72.1097
82,72.1097
74,72.1097
66,72.1097
69,72.1097
87,72.1097
84,72.1097
71,72.1097
64,68.2266
59,68.2266
57,68.2266
56,68.2266
56,68.2266
56,68.2266
54,68.2266
52,68.2266
67,68.2266
136,68.2266
115,68.2266
86,68.2266
73,68.2266
67,68.2266
60,68.2266
79,68.2266
92,68.2266
77,68.2266
67,69.1922
62,69.1922
59,69.1922
58,69.1922
59,69.1922
57,69.1922
56,69.1922
97,69.1922
144,69.1922
106,69.1922
83,69.1922
75,69.1922
66,69.1922
69,69.1922
91,69.1922
87,69.1922
73,69.1922
65,66.2496
61,66.2496
59,66.2496
58,66.2496
59,66.2496
57,66.2496
56,66.2496
69,66.2496
143,66.2496
123,66.2496
96,66.2496
84,66.2496
80,66.2496
69,66.2496
83,66.2496
94,66.2496
82,66.2496
71,66.2496
66,69.6164
62,69.6164
61,69.6164
61,69.6164
61,69.6164
59,69.6164
60,69.6164
118,69.6164
140,69.6164
105,69.6164
86,69.6164
82,69.6164
71,69.6164
77,69.6164
94,69.6164
86,69.6164
74,69.6164
67,66.0985
63,66.0985
62,66.0985
61,66.0985
60,66.0985
60,66.0985
58,66.0985
57,66.0985
103,66.0985
145,66.0985
106,66.0985
85,66.0985
78,66.0985
68,66.0985
73,66.0985
94,66.0985
87,66.0985
74,66.0985
67,66.0985
63,64.6615
60,64.6615
60,64.6615
61,64.6615
59,64.6615
57,64.6615
78,64.6615
145,64.6615
112,64.6615
87,64.6615
78,64.6615
69,64.6615
67,64.6615
89,64.6615
90,64.6615
76,64.6615
67,64.6615
63,64.6615
60,62.403
59,62.403
59,62.403
60,62.403
58,62.403
55,62.403
79,62.403
149,62.403
115,62.403
91,62.403
83,62.403
78,62.403
70,62.403
86,62.403
91,62.403
78,62.403
68,62.403
64,62.403
61,62.403
60,62.8
59,62.8
59,62.8
58,62.8
56,62.8
56,62.8
111,62.8
140,62.8
103,62.8
84,62.8
79,62.8
69,62.8
73,62.8
90,62.8
84,62.8
72,62.8
65,62.8
61,62.8
59,62.8
58,67.882
57,67.882
57,67.882
57,67.882
54,67.882
52,67.882
86,67.882
143,67.882
108,67.882
84,67.882
75,67.882
67,67.882
67,67.882
86,67.882
86,67.882
72,67.882
65,67.882
61,67.882
58,73.7253
57,73.7253
56,73.7253
54,73.7253
55,73.7253
53,73.7253
51,73.7253
69,73.7253
136,73.7253
112,73.7253
84,73.7253
73,73.7253
65,73.7253
60,73.7253
78,73.7253
88,73.7253
74,71.1535
64,71.1535
59,71.1535
56,71.1535
54,71.1535
53,71.1535
54,71.1535
53,71.1535
51,71.1535
80,71.1535
137,71.1535
102,71.1535
76,71.1535
65,71.1535
56,71.1535
57,71.1535
83,71.1535
85,70.0641
70,70.0641
61,70.0641
56,70.0641
53,70.0641
54,70.0641
54,70.0641
53,70.0641
71,70.0641
140,70.0641
110,70.0641
83,70.0641
72,70.0641
64,70.0641
60,70.0641
79,70.0641
87,70.0641
73,67.2164
64,67.2164
59,67.2164
56,67.2164
55,67.2164
55,67.2164
54,67.2164
53,67.2164
101,67.2164
144,67.2164
105,67.2164
84,67.2164
79,67.2164
71,67.2164
70,67.2164
86,67.2164
86,67.2164
73,67.2164
66,65.3074
61,65.3074
59,65.3074
58,65.3074
58,65.3074
56,65.3074
55,65.3074
95,65.3074
146,65.3074
110,65.3074
89,65.3074
82,65.3074
73,65.3074
70,65.3074
88,65.3074
88,65.3074
75,65.3074
68,65.3074
63,65.3074
60,65.7816
59,65.7816
59,65.7816
59,65.7816
57,65.7816
56,65.7816
103,65.7816
144,65.7816
107,65.7816
86,65.7816
80,65.7816
70,65.7816
73,65.7816
92,65.7816
86,65.7816
74,65.7816
67,65.7816
63,65.7816
61,69.5639
60,69.5639
59,69.5639
59,69.5639
58,69.5639
55,69.5639
71,69.5639
142,69.5639
117,69.5639
91,69.5639
79,69.5639
73,69.5639
66,69.5639
85,69.5639
91,69.5639
77,69.5639
68,69.5639
63,65.2177
60,65.2177
59,65.2177
58,65.2177
58,65.2177
57,65.2177
55,65.2177
57,65.2177
117,65.2177
133,65.2177
96,65.2177
76,65.2177
69,65.2177
60,65.2177
75,65.2177
94,65.2177
81,65.2177
68,65.2177
62,65.2177
59,64.4526
57,64.4526
57,64.4526
58,64.4526
56,64.4526
56,64.4526
104,64.4526
143,64.4526
103,64.4526
82,64.4526
75,64.4526
66,64.4526
69,64.4526
90,64.4526
84,64.4526
71,64.4526
64,64.4526
60,64.4526
58,66.9706
57,66.9706
56,66.9706
56,66.9706
55,66.9706
53,66.9706
77,66.9706
145,66.9706
112,66.9706
87,66.9706
78,66.9706
72,66.9706
66,66.9706
82,66.9706
88,66.9706
76,66.9706
67,66.9706
61,66.9706
58,72.9145
57,72.9145
58,72.9145
58,72.9145
58,72.9145
55,72.9145
53,72.9145
100,72.9145
140,72.9145
103,72.9145
80,72.9145
74,72.9145
65,72.9145
67,72.9145
86,72.9145
83,72.9145
70,72.9145
63,76.5834
58,76.5834
56,76.5834
55,76.5834
54,76.5834
54,76.5834
52,76.5834
52,76.5834
100,76.5834
134,76.5834
98,76.5834
76,76.5834
68,76.5834
59,76.5834
63,76.5834
86,80.2748
82,80.2748
68,80.2748
61,80.2748
56,80.2748
54,80.2748
54,80.2748
54,80.2748
52,80.2748
61,80.2748
130,80.2748
112,80.2748
82,80.2748
68,80.2748
58,80.2748
52,83.6568
71,83.6568
86,83.6568
73,83.6568
63,83.6568
58,83.6568
54,83.6568
53,83.6568
53,83.6568
53,83.6568
94,83.6568
142,83.6568
101,83.6568
78,83.6568
70,74.1098
60,74.1098
63,74.1098
83,74.1098
82,74.1098
68,74.1098
61,74.1098
58,74.1098
55,74.1098
53,74.1098
54,74.1098
107,74.1098
142,74.1098
104,74.1098
83,74.1098
77,74.1098
68,74.1098
69,61.0574
86,61.0574
83,61.0574
71,61.0574
64,61.0574
61,61.0574
57,61.0574
56,61.0574
87,61.0574
154,61.0574
112,61.0574
91,61.0574
83,61.0574
75,61.0574
69,61.0574
84,61.0574
88,61.0574
75,61.0574
67,61.0574
62,65.8462
60,65.8462
59,65.8462
58,65.8462
56,65.8462
81,65.8462
156,65.8462
116,65.8462
93,65.8462
84,65.8462
76,65.8462
70,65.8462
85,65.8462
90,65.8462
77,65.8462
68,65.8462
64,65.8462
60,65.8462
59,65.8462
58,65.826
57,65.826
57,65.826
56,65.826
54,65.826
52,65.826
106,65.826
150,65.826
104,65.826
81,65.826
74,65.826
65,65.826
71,65.826
90,65.826
83,65.826
70,65.826
63,65.826
60,65.826
58,67.9892
57,67.9892
57,67.9892
57,67.9892
55,67.9892
52,67.9892
67,67.9892
142,67.9892
114,67.9892
85,67.9892
71,67.9892
62,67.9892
59,67.9892
79,67.9892
87,67.9892
72,67.9892
64,67.9892
59,70.2865
55,70.2865
53,70.2865
53,70.2865
52,70.2865
53,70.2865
52,70.2865
56,70.2865
125,70.2865
127,70.2865
91,70.2865
72,70.2865
63,70.2865
53,70.2865
64,70.2865
83,70.2865
75,70.2865
65,70.2865
59,71.3741
55,71.3741
52,71.3741
50,71.3741
51,71.3741
50,71.3741
48,71.3741
66,71.3741
138,71.3741
111,71.3741
82,71.3741
68,71.3741
58,71.3741
49,71.3741
60,71.3741
77,71.3741
71,74.7077
62,74.7077
56,74.7077
52,74.7077
48,74.7077
47,74.7077
47,74.7077
45,74.7077
62,74.7077
134,74.7077
110,74.7077
80,74.7077
65,74.7077
56,74.7077
50,74.7077
64,74.7077
78,75.872
66,75.872
58,75.872
53,75.872
50,75.872
48,75.872
47,75.872
46,75.872
44,75.872
79,75.872
140,75.872
100,75.872
74,75.872
63,75.872
54,75.872
53,75.872
69,75.7295
76,75.7295
64,75.7295
56,75.7295
52,75.7295
50,75.7295
49,75.7295
47,75.7295
45,75.7295
75,75.7295
137,75.7295
100,75.7295
74,75.7295
63,75.7295
53,75.7295
52,75.7295
70,77.526
77,77.526
65,77.526
57,77.526
53,77.526
50,77.526
49,77.526
47,77.526
46,77.526
89,77.526
137,77.526
95,77.526
71,77.526
61,77.526
51,77.526
56,77.526
76,77.946
74,77.946
63,77.946
57,77.946
53,77.946
51,77.946
50,77.946
48,77.946
50,77.946
106,77.946
129,77.946
90,77.946
70,77.946
61,77.946
52,77.946
61,80.8646
78,80.8646
71,80.8646
61,80.8646
56,80.8646
52,80.8646
50,80.8646
49,80.8646
47,80.8646
65,80.8646
132,80.8646
104,80.8646
77,80.8646
64,80.8646
54,80.8646
51,83.1313
68,83.1313
76,83.1313
64,83.1313
56,83.1313
52,83.1313
50,83.1313
49,83.1313
46,83.1313
48,83.1313
106,83.1313
125,83.1313
86,83.1313
66,83.1313
57,83.1333
48,83.1333
60,83.1333
79,83.1333
70,83.1333
60,83.1333
54,83.1333
51,83.1333
49,83.1333
47,83.1333
52,83.1333
118,83.1333
116,83.1333
84,83.1333
66,83.1333
56,71.4902
50,71.4902
66,71.4902
81,71.4902
69,71.4902
59,71.4902
55,71.4902
52,71.4902
50,71.4902
49,71.4902
98,71.4902
137,71.4902
96,71.4902
77,71.4902
69,71.4902
58,71.4902
62,58.0848
81,58.0848
76,58.0848
65,58.0848
59,58.0848
56,58.0848
53,58.0848
51,58.0848
74,58.0848
142,58.0848
108,58.0848
87,58.0848
77,58.0848
68,58.0848
62,58.0848
76,58.0848
82,58.0848
70,58.0848
63,58.0848
58,58.0848
55,58.0848
54,65.8739
54,65.8739
52,65.8739
50,65.8739
97,65.8739
142,65.8739
101,65.8739
82,65.8739
75,65.8739
65,65.8739
65,65.8739
82,65.8739
80,65.8739
68,65.8739
62,65.8739
58,65.8739
55,65.8739
54,65.8739
53,73.6603
52,73.6603
51,73.6603
50,73.6603
50,73.6603
47,73.6603
48,73.6603
112,73.6603
129,73.6603
94,73.6603
74,73.6603
68,73.6603
59,73.6603
67,73.6603
84,73.6603
75,73.6603
65,73.6603
59,76.568
56,76.568
54,76.568
52,76.568
51,76.568
51,76.568
50,76.568
48,76.568
84,76.568
134,76.568
100,76.568
78,76.568
68,76.568
58,76.568
59,76.568
78,77.1881
80,77.1881
67,77.1881
60,77.1881
56,77.1881
53,77.1881
52,77.1881
51,77.1881
49,77.1881
59,77.1881
126,77.1881
111,77.1881
83,77.1881
69,77.1881
59,77.1881
53,77.1881
71,71.7815
83,71.7815
70,71.7815
62,71.7815
57,71.7815
54,71.7815
53,71.7815
51,71.7815
51,71.7815
93,71.7815
136,71.7815
99,71.7815
80,71.7815
72,71.7815
62,71.7815
64,71.7815
82,71.7815
80,75.0914
68,75.0914
61,75.0914
58,75.0914
56,75.0914
55,75.0914
52,75.0914
64,75.0914
133,75.0914
117,75.0914
93,75.0914
82,75.0914
75,75.0914
65,75.0914
76,75.0914
86,75.0914
76,82.5962
67,82.5962
62,82.5962
59,82.5962
58,82.5962
57,82.5962
56,82.5962
54,82.5962
85,82.5962
143,82.5962
108,82.5962
88,82.5962
80,82.5962
71,82.5962
68,85.0969
85,85.0969
86,85.0969
73,85.0969
66,85.0969
63,85.0969
60,85.0969
59,85.0969
57,85.0969
56,85.0969
84,85.0969
143,85.0969
110,85.0969
90,85.0969
80,73.3435
70,73.3435
68,73.3435
85,73.3435
87,73.3435
74,73.3435
66,73.3435
63,73.3435
60,73.3435
57,73.3435
60,73.3435
117,73.3435
134,73.3435
101,73.3435
85,73.3435
78,73.3435
64,55.2525
75,55.2525
90,55.2525
79,55.2525
70,55.2525
65,55.2525
61,55.2525
58,55.2525
58,55.2525
108,55.2525
139,55.2525
101,55.2525
84,55.2525
75,55.2525
62,55.2525
73,55.2525
92,55.2525
80,55.2525
70,55.2525
64,55.2525
61,55.2525
59,55.2525
59,63.7508
58,63.7508
56,63.7508
90,63.7508
149,63.7508
107,63.7508
85,63.7508
78,63.7508
66,63.7508
69,63.7508
90,63.7508
85,63.7508
72,63.7508
65,63.7508
61,63.7508
59,63.7508
58,63.7508
57,63.7508
56,63.7508
55,63.6086
54,63.6086
52,63.6086
51,63.6086
49,63.6086
49,63.6086
114,63.6086
136,63.6086
100,63.6086
96,63.6086
96,63.6086
96,63.6086
96,63.6086
96,63.6086
96,63.6086
96,63.6086
96,63.6086
97,63.6086
96,63.6086
96,67.076
96,67.076
96,67.076
96,67.076
96,67.076
96,67.076
97,67.076
96,67.076
96,67.076
80,67.076
78,67.076
78,67.076
78,67.076
78,67.076
78,67.076
78,67.076
78,67.076
78,67.076
78,66.6515
78,66.6515
78,66.6515
78,66.6515
78,66.6515
78,66.6515
78,66.6515
78,66.6515
77,66.6515
78,66.6515
73,66.6515
59,66.6515
51,66.6515
60,66.6515
81,66.6515
72,66.6515
61,66.6515
56,66.6515
52,68.7902
50,68.7902
49,68.7902
48,68.7902
48,68.7902
46,68.7902
52,68.7902
110,68.7902
119,68.7902
87,68.7902
71,68.7902
65,68.7902
57,68.7902
67,68.7902
82,68.7902
71,68.7902
61,68.7902
57,68.538
55,68.538
53,68.538
51,68.538
50,68.538
48,68.538
47,68.538
51,68.538
108,68.538
122,68.538
87,68.538
69,68.538
62,68.538
55,68.538
66,68.538
84,68.538
73,68.538
63,68.538
58,67.8855
54,67.8855
52,67.8855
51,67.8855
51,67.8855
51,67.8855
50,67.8855
77,67.8855
136,67.8855
101,67.8855
78,67.8855
69,67.8855
60,67.8855
61,67.8855
81,67.8855
83,67.8855
69,67.8855
61,69.9843
57,69.9843
54,69.9843
53,69.9843
53,69.9843
53,69.9843
51,69.9843
59,69.9843
127,69.9843
122,69.9843
93,69.9843
79,69.9843
75,69.9843
65,69.9843
74,69.9843
88,69.9843
78,69.9843
67,69.9843
62,70.9798
58,70.9798
56,70.9798
56,70.9798
57,70.9798
55,70.9798
52,70.9798
73,70.9798
141,70.9798
110,70.9798
87,70.9798
77,70.9798
70,70.9798
65,70.9798
82,70.9798
87,70.9798
73,69.5627
65,69.5627
60,69.5627
58,69.5627
57,69.5627
57,69.5627
56,69.5627
54,69.5627
63,69.5627
130,69.5627
119,69.5627
90,69.5627
76,69.5627
68,69.5627
63,69.5627
81,69.5627
90,69.5627
75,69.5627
65,71.2818
61,71.2818
58,71.2818
57,71.2818
59,71.2818
58,71.2818
55,71.2818
75,71.2818
145,71.2818
114,71.2818
92,71.2818
81,71.2818
75,71.2818
70,71.2818
86,71.2818
90,71.2818
76,71.2818
68,72.1846
65,72.1846
62,72.1846
60,72.1846
60,72.1846
61,72.1846
59,72.1846
67,72.1846
130,72.1846
126,72.1846
93,72.1846
81,72.1846
75,72.1846
68,72.1846
82,72.1846
89,72.1846
75,71.266
66,71.266
61,71.266
58,71.266
57,71.266
57,71.266
56,71.266
54,71.266
63,71.266
131,71.266
118,71.266
90,71.266
76,71.266
68,71.266
61,71.266
78,71.266
86,71.266
72,69.5013
63,69.5013
59,69.5013
56,69.5013
55,69.5013
56,69.5013
55,69.5013
53,69.5013
81,69.5013
144,69.5013
101,69.5013
80,69.5013
70,69.5013
60,69.5013
65,69.5013
84,69.5013
79,69.5013
66,72.8362
59,72.8362
56,72.8362
54,72.8362
53,72.8362
54,72.8362
53,72.8362
53,72.8362
101,72.8362
141,72.8362
99,72.8362
80,72.8362
72,72.8362
62,72.8362
69,72.8362
85,72.8362
77,72.8362
66,75.8609
59,75.8609
56,75.8609
54,75.8609
54,75.8609
55,75.8609
53,75.8609
51,75.8609
75,75.8609
142,75.8609
101,75.8609
80,75.8609
70,75.8609
61,75.8609
63,75.8609
82,75.8609
80,78.0945
66,78.0945
59,78.0945
55,78.0945
53,78.0945
53,78.0945
53,78.0945
52,78.0945
53,78.0945
103,78.0945
134,78.0945
90,78.0945
71,78.0945
62,78.0945
57,78.0945
74,81.5227
90,81.5227
75,81.5227
64,81.5227
58,81.5227
56,81.5227
56,81.5227
58,81.5227
58,81.5227
67,81.5227
137,81.5227
121,81.5227
93,81.5227
79,81.5227
69,81.5227
68,79.5716
86,79.5716
90,79.5716
78,79.5716
68,79.5716
63,79.5716
61,79.5716
61,79.5716
60,79.5716
62,79.5716
105,79.5716
145,79.5716
101,79.5716
82,79.5716
72,79.5716
64,79.7248
80,79.7248
93,79.7248
79,79.7248
68,79.7248
63,79.7248
60,79.7248
59,79.7248
58,79.7248
63,79.7248
117,79.7248
134,79.7248
92,79.7248
76,79.7248
64,79.7248
64,77.8871
86,77.8871
91,77.8871
75,77.8871
65,77.8871
62,77.8871
61,77.8871
62,77.8871
61,77.8871
64,77.8871
116,77.8871
136,77.8871
93,77.8871
75,77.8871
65,77.8871
67,73.9233
92,73.9233
91,73.9233
76,73.9233
67,73.9233
64,73.9233
64,73.9233
64,73.9233
64,73.9233
67,73.9233
120,73.9233
138,73.9233
96,73.9233
80,73.9233
69,73.9233
72,73.9233
96,73.0252
93,73.0252
78,73.0252
69,73.0252
66,73.0252
66,73.0252
67,73.0252
67,73.0252
66,73.0252
90,73.0252
149,73.0252
103,73.0252
84,73.0252
73,73.0252
67,73.0252
89,73.0252
98,73.0252
81,77.0787
71,77.0787
67,77.0787
66,77.0787
66,77.0787
67,77.0787
67,77.0787
63,77.0787
73,77.0787
139,77.0787
113,77.0787
86,77.0787
72,77.0787
64,77.0787
80,77.0787
100,77.4826
84,77.4826
71,77.4826
66,77.4826
63,77.4826
64,77.4826
65,77.4826
67,77.4826
63,77.4826
60,77.4826
92,77.4826
141,77.4826
92,77.4826
74,77.4826
62,77.4826
63,77.4826
91,82.9165
94,82.9165
76,82.9165
66,82.9165
63,82.9165
62,82.9165
64,82.9165
66,82.9165
63,82.9165
67,82.9165
122,82.9165
121,82.9165
85,82.9165
70,82.9165
61,75.1698
72,75.1698
97,75.1698
86,75.1698
72,75.1698
64,75.1698
63,75.1698
63,75.1698
65,75.1698
65,75.1698
65,75.1698
105,75.1698
145,75.1698
95,75.1698
83,75.1698
77,75.1698
78,75.0906
101,75.0906
97,75.0906
79,75.0906
71,75.0906
70,75.0906
69,75.0906
68,75.0906
69,75.0906
83,75.0906
148,75.0906
118,75.0906
93,75.0906
84,75.0906
74,75.0906
86,75.0906
102,71.8273
88,71.8273
78,71.8273
74,71.8273
73,71.8273
73,71.8273
76,71.8273
74,71.8273
71,71.8273
93,71.8273
160,71.8273
116,71.8273
100,71.8273
91,71.8273
84,71.8273
100,71.8273
109,71.8273
92,71.6286
81,71.6286
77,71.6286
79,71.6286
79,71.6286
79,71.6286
77,71.6286
75,71.6286
86,71.6286
148,71.6286
123,71.6286
99,71.6286
88,71.6286
78,71.6286
96,71.6286
107,71.6286
92,71.6286
81,71.5995
77,71.5995
76,71.5995
76,71.5995
78,71.5995
79,71.5995
74,71.5995
72,71.5995
96,71.5995
157,71.5995
107,71.5995
92,71.5995
80,71.5995
78,71.5995
105,71.5995
105,71.5995
87,71.5995
79,69.8136
76,69.8136
76,69.8136
77,69.8136
79,69.8136
79,69.8136
73,69.8136
72,69.8136
115,69.8136
152,69.8136
100,69.8136
86,69.8136
75,69.8136
82,69.8136
108,69.8136
98,69.8136
83,69.8136
76,68.8279
73,68.8279
74,68.8279
75,68.8279
77,68.8279
76,68.8279
70,68.8279
80,68.8279
149,68.8279
130,68.8279
99,68.8279
89,68.8279
80,68.8279
93,68.8279
110,68.8279
95,68.8279
82,68.8279
76,68.8192
76,68.8192
76,68.8192
77,68.8192
78,68.8192
76,68.8192
71,68.8192
72,68.8192
127,68.8192
146,68.8192
100,68.8192
86,68.8192
76,68.8192
85,68.8192
109,68.8192
97,68.8192
82,68.8192
75,68.8192
74,71.1915
73,71.1915
76,71.1915
76,71.1915
75,71.1915
71,71.1915
68,71.1915
85,71.1915
154,71.1915
110,71.1915
90,71.1915
77,71.1915
73,71.1915
100,71.1915
109,71.1915
90,71.1915
78,72.4743
74,72.4743
73,72.4743
75,72.4743
76,72.4743
76,72.4743
73,72.4743
69,72.4743
69,72.4743
121,72.4743
138,72.4743
94,72.4743
79,72.4743
69,72.4743
81,72.4743
107,72.4743
94,72.4743
80,78.0931
72,78.0931
71,78.0931
71,78.0931
74,78.0931
75,78.0931
74,78.0931
69,78.0931
71,78.0931
125,78.0931
128,78.0931
90,78.0931
75,78.0931
66,78.0931
81,78.0931
103,83.0362
90,83.0362
77,83.0362
70,83.0362
69,83.0362
69,83.0362
71,83.0362
73,83.0362
71,83.0362
67,83.0362
82,83.0362
144,83.0362
103,83.0362
82,83.0362
70,83.0362
67,84.9205
92,84.9205
103,84.9205
86,84.9205
75,84.9205
70,84.9205
70,84.9205
72,84.9205
73,84.9205
72,84.9205
74,84.9205
126,84.9205
126,84.9205
90,84.9205
75,82.4924
67,82.4924
82,82.4924
106,82.4924
92,82.4924
79,82.4924
72,82.4924
71,82.4924
71,82.4924
73,82.4924
76,82.4924
125,82.4924
148,82.4924
101,82.4924
87,82.4924
80,72.4377
85,72.4377
111,72.4377
103,72.4377
87,72.4377
80,72.4377
79,72.4377
79,72.4377
79,72.4377
81,72.4377
118,72.4377
154,72.4377
105,72.4377
94,72.4377
85,72.4377
86,72.4377
114,66.4847
104,66.4847
88,66.4847
81,66.4847
80,66.4847
80,66.4847
81,66.4847
80,66.4847
91,66.4847
157,66.4847
123,66.4847
102,66.4847
92,66.4847
84,66.4847
102,66.4847
114,66.4847
96,66.4847
85,66.4847
81,64.0308
82,64.0308
83,64.0308
86,64.0308
85,64.0308
79,64.0308
78,64.0308
127,64.0308
168,64.0308
110,64.0308
101,64.0308
98,64.0308
97,64.0308
118,64.0308
109,64.0308
95,64.0308
88,64.0308
86,64.0308
87,64.0308
87,63.3975
85,63.3975
84,63.3975
81,63.3975
78,63.3975
78,63.3975
131,63.3975
168,63.3975
112,63.3975
106,63.3975
105,63.3975
97,63.3975
118,63.3975
110,63.3975
97,63.3975
90,63.3975
89,63.3975
90,63.3975
88,63.3975
85,67.3163
85,67.3163
84,67.3163
81,67.3163
77,67.3163
78,67.3163
142,67.3163
153,67.3163
110,67.3163
100,67.3163
98,67.3163
92,67.3163
113,67.3163
104,67.3163
91,67.3163
84,67.3163
82,67.3163
81,67.3163
82,69.3393
82,69.3393
79,69.3393
78,69.3393
76,69.3393
72,69.3393
76,69.3393
146,69.3393
153,69.3393
110,69.3393
99,69.3393
98,69.3393
93,69.3393
113,69.3393
105,69.3393
92,69.3393
82,69.3393
78,71.9793
78,71.9793
79,71.9793
82,71.9793
81,71.9793
75,71.9793
69,71.9793
75,71.9793
151,71.9793
141,71.9793
107,71.9793
93,71.9793
92,71.9793
89,71.9793
107,71.9793
99,71.9793
86,71.9793
79,75.0166
77,75.0166
77,75.0166
76,75.0166
76,75.0166
75,75.0166
71,75.0166
70,75.0166
125,75.0166
160,75.0166
109,75.0166
95,75.0166
92,75.0166
84,75.0166
102,75.0166
103,75.0166
89,76.3236
79,76.3236
75,76.3236
75,76.3236
76,76.3236
76,76.3236
73,76.3236
70,76.3236
76,76.3236
150,76.3236
134,76.3236
103,76.3236
89,76.3236
82,76.3236
85,76.3236
106,81.0574
97,81.0574
83,81.0574
77,81.0574
75,81.0574
75,81.0574
76,81.0574
75,81.0574
72,81.0574
76,81.0574
144,81.0574
133,81.0574
99,81.0574
85,81.0574
78,81.0574
83,88.7061
106,88.7061
94,88.7061
81,88.7061
74,88.7061
72,88.7061
72,88.7061
73,88.7061
73,88.7061
71,88.7061
95,88.7061
164,88.7061
113,88.7061
98,88.7061
88,91.1857
81,91.1857
94,91.1857
107,91.1857
91,91.1857
80,91.1857
75,91.1857
74,91.1857
74,91.1857
75,91.1857
74,91.1857
105,91.1857
163,91.1857
107,90.872
93,90.872
84,90.872
76,90.872
99,90.872
105,90.872
87,90.872
77,90.872
74,90.872
72,90.872
72,90.872
76,90.872
134,90.872
137,91.5642
98,91.5642
82,91.5642
71,91.5642
80,91.5642
105,91.5642
93,91.5642
80,91.5642
72,91.5642
71,91.5642
70,91.5642
72,91.5642
118,91.5642
149,77.9291
97,77.9291
80,77.9291
70,77.9291
76,77.9291
107,77.9291
98,77.9291
83,77.9291
74,77.9291
70,77.9291
69,77.9291
72,77.9291
118,77.9291
156,77.9291
100,77.9291
84,77.9291
73,84.0396
76,84.0396
104,84.0396
98,84.0396
82,84.0396
74,84.0396
72,84.0396
71,84.0396
72,84.0396
119,84.0396
161,84.0396
104,84.0396
89,84.0396
79,84.0396
81,73.7579
107,73.7579
101,73.7579
87,73.7579
78,73.7579
75,73.7579
75,73.7579
76,73.7579
78,73.7579
75,73.7579
101,73.7579
173,73.7579
117,73.7579
106,73.7579
90,73.7579
78,73.7579
106,83.8484
113,83.8484
93,83.8484
80,83.8484
78,83.8484
78,83.8484
79,83.8484
77,83.8484
74,83.8484
122,83.8484
138,83.8484
94,83.8484
78,83.8484
70,83.8484
82,83.7878
116,83.7878
100,83.7878
88,83.7878
82,83.7878
81,83.7878
82,83.7878
84,83.7878
82,83.7878
78,83.7878
71,83.7878
117,83.7878
153,83.7878
102,83.7878
84,83.7878
73,86.7635
69,86.7635
97,86.7635
108,86.7635
90,86.7635
79,86.7635
75,86.7635
70,86.7635
67,86.7635
66,86.7635
79,86.7635
157,86.7635
114,86.7635
95,86.7635
77,88.829
68,88.829
81,88.829
98,88.829
85,88.829
77,88.829
74,88.829
72,88.829
67,88.829
64,88.829
69,88.829
145,88.829
129,88.829
100,90.0997
81,90.0997
70,90.0997
67,90.0997
91,90.0997
98,90.0997
84,90.0997
73,90.0997
67,90.0997
65,90.0997
64,90.0997
74,90.0997
151,90.0997
117,90.5872
94,90.5872
75,90.5872
64,90.5872
72,90.5872
94,90.5872
85,90.5872
75,90.5872
69,90.5872
67,90.5872
65,90.5872
62,90.5872
100,90.5872
154,90.5872
101,90.6466
84,90.6466
72,90.6466
67,90.6466
87,90.6466
96,90.6466
83,90.6466
73,90.6466
68,90.6466
66,90.6466
64,90.6466
87,90.6466
163,90.6466
108,88.7659
89,88.7659
74,88.7659
67,88.7659
84,88.7659
99,88.7659
86,88.7659
75,88.7659
69,88.7659
67,88.7659
65,88.7659
73,88.7659
150,88.7659
122,90.0858
95,90.0858
76,90.0858
67,90.0858
77,90.0858
96,90.0858
88,90.0858
77,90.0858
71,90.0858
68,90.0858
66,90.0858
66,90.0858
125,90.0858
147,90.0858
100,91.317
79,91.317
69,91.317
73,91.317
98,91.317
93,91.317
80,91.317
73,91.317
70,91.317
69,91.317
67,91.317
85,91.317
163,91.317
111,81.1796
91,81.1796
76,81.1796
69,81.1796
90,81.1796
103,81.1796
88,81.1796
77,81.1796
72,81.1796
71,81.1796
70,81.1796
76,81.1796
150,81.1796
133,81.1796
101,81.1796
82,79.5575
73,79.5575
86,79.5575
106,79.5575
93,79.5575
81,79.5575
76,79.5575
73,79.5575
72,79.5575
77,79.5575
146,79.5575
143,79.5575
105,79.5575
88,79.5575
78,79.5575
89,73.3018
109,73.3018
97,73.3018
84,73.3018
78,73.3018
76,73.3018
76,73.3018
76,73.3018
74,73.3018
90,73.3018
167,73.3018
120,73.3018
101,73.3018
88,73.3018
80,73.3018
100,73.3018
109,72.4885
93,72.4885
82,72.4885
78,72.4885
77,72.4885
78,72.4885
78,72.4885
76,72.4885
80,72.4885
146,72.4885
133,72.4885
100,72.4885
84,72.4885
76,72.4885
93,72.4885
110,72.4885
94,72.4885
81,72.9146
77,72.9146
75,72.9146
76,72.9146
76,72.9146
77,72.9146
74,72.9146
71,72.9146
113,72.9146
158,72.9146
103,72.9146
86,72.9146
76,72.9146
81,72.9146
108,72.9146
99,72.9146
84,78.6747
76,78.6747
74,78.6747
74,78.6747
75,78.6747
76,78.6747
75,78.6747
70,78.6747
73,78.6747
140,78.6747
128,78.6747
96,78.6747
79,78.6747
71,78.6747
88,78.6747
108,79.0555
91,79.0555
79,79.0555
73,79.0555
72,79.0555
72,79.0555
73,79.0555
74,79.0555
71,79.0555
68,79.0555
97,79.0555
154,79.0555
101,79.0555
111,79.0555
111,79.0555
111,79.0555
111,80.2894
111,80.2894
111,80.2894
111,80.2894
111,80.2894
111,80.2894
111,80.2894
111,80.2894
111,80.2894
111,80.2894
111,80.2894
111,80.2894
111,80.2894
94,80.2894
95,73.4154
95,73.4154
95,73.4154
95,73.4154
95,73.4154
95,73.4154
95,73.4154
95,73.4154
95,73.4154
95,73.4154
95,73.4154
95,73.4154
94,73.4154
95,73.4154
79,73.4154
77,73.4154
91,73.4154
106,69.5691
92,69.5691
79,69.5691
74,69.5691
74,69.5691
75,69.5691
76,69.5691
75,69.5691
87,69.5691
146,69.5691
127,69.5691
96,69.5691
85,69.5691
80,69.5691
97,69.5691
109,69.5691
94,69.5691
81,71.4881
77,71.4881
77,71.4881
78,71.4881
80,71.4881
79,71.4881
75,71.4881
77,71.4881
133,71.4881
144,71.4881
105,71.4881
90,71.4881
82,71.4881
94,71.4881
112,71.4881
99,71.4881
85,71.4881
78,77.6089
78,77.6089
79,77.6089
81,77.6089
81,77.6089
78,77.6089
74,77.6089
72,77.6089
113,77.6089
154,77.6089
111,77.6089
90,77.6089
80,77.6089
86,77.6089
111,77.6089
103,79.621
86,79.621
78,79.621
77,79.621
78,79.621
80,79.621
80,79.621
78,79.621
73,79.621
73,79.621
118,79.621
146,79.621
105,79.621
86,79.621
77,79.621
87,81.4955
109,81.4955
100,81.4955
84,81.4955
77,81.4955
76,81.4955
78,81.4955
79,81.4955
79,81.4955
76,81.4955
89,81.4955
143,81.4955
121,81.4955
92,81.4955
81,81.4955
78,81.3841
99,81.3841
106,81.3841
89,81.3841
78,81.3841
75,81.3841
76,81.3841
77,81.3841
77,81.3841
75,81.3841
88,81.3841
145,81.3841
123,81.3841
93,81.3841
83,81.3841
78,83.7972
98,83.7972
107,83.7972
91,83.7972
79,83.7972
75,83.7972
74,83.7972
76,83.7972
76,83.7972
76,83.7972
102,83.7972
148,83.7972
111,83.7972
87,83.7972
77,82.9071
78,82.9071
103,82.9071
104,82.9071
86,82.9071
76,82.9071
73,82.9071
74,82.9071
76,82.9071
76,82.9071
76,82.9071
115,82.9071
145,82.9071
103,82.9071
82,82.9071
74,81.5295
82,81.5295
108,81.5295
101,81.5295
84,81.5295
75,81.5295
74,81.5295
76,81.5295
77,81.5295
77,81.5295
101,81.5295
151,81.5295
114,81.5295
89,81.5295
79,70.0451
80,70.0451
105,70.0451
105,70.0451
88,70.0451
78,70.0451
75,70.0451
76,70.0451
78,70.0451
78,70.0451
89,70.0451
152,70.0451
136,70.0451
102,70.0451
93,70.0451
87,70.0451
102,70.0451
113,70.0451
98,68.5464
85,68.5464
80,68.5464
80,68.5464
82,68.5464
82,68.5464
81,68.5464
104,68.5464
159,68.5464
124,68.5464
99,68.5464
92,68.5464
89,68.5464
109,68.5464
110,68.5464
93,68.5464
83,68.5464
80,73.2808
81,73.2808
82,73.2808
83,73.2808
81,73.2808
77,73.2808
73,73.2808
91,73.2808
159,73.2808
128,73.2808
98,73.2808
89,73.2808
86,73.2808
108,73.2808
110,73.2808
93,73.2808
82,74.7109
79,74.7109
80,74.7109
82,74.7109
82,74.7109
81,74.7109
77,74.7109
73,74.7109
72,74.7109
116,74.7109
151,74.7109
108,74.7109
87,74.7109
78,74.7109
86,74.7109
109,74.7109
100,81.254
84,81.254
76,81.254
75,81.254
76,81.254
78,81.254
78,81.254
75,81.254
71,81.254
79,81.254
137,81.254
122,81.254
90,81.254
76,81.254
70,81.254
91,85.5244
103,85.5244
88,85.5244
75,85.5244
70,85.5244
70,85.5244
70,85.5244
72,85.5244
73,85.5244
69,85.5244
73,85.5244
127,85.5244
122,85.5244
88,85.5244
72,88.9509
65,88.9509
81,88.9509
100,88.9509
89,88.9509
75,88.9509
68,88.9509
67,88.9509
68,88.9509
70,88.9509
69,88.9509
75,88.9509
123,88.9509
117,88.9509
84,88.9156
68,88.9156
61,88.9156
78,88.9156
97,88.9156
87,88.9156
74,88.9156
67,88.9156
65,88.9156
65,88.9156
66,88.9156
83,88.9156
138,88.9156
113,85.5576
83,85.5576
70,85.5576
66,85.5576
85,85.5576
98,85.5576
86,85.5576
73,85.5576
68,85.5576
66,85.5576
66,85.5576
71,85.5576
128,85.5576
132,85.5576
96,82.3332
79,82.3332
70,82.3332
80,82.3332
101,82.3332
93,82.3332
79,82.3332
71,82.3332
69,82.3332
69,82.3332
70,82.3332
99,82.3332
144,82.3332
109,82.3332
85,82.3332
74,81.7254
74,81.7254
96,81.7254
99,81.7254
85,81.7254
74,81.7254
71,81.7254
70,81.7254
71,81.7254
72,81.7254
98,81.7254
142,81.7254
108,81.7254
84,81.7254
74,81.7254
76,82.2527
99,82.2527
99,82.2527
84,82.2527
75,82.2527
71,82.2527
72,82.2527
73,82.2527
74,82.2527
75,82.2527
121,82.2527
130,82.2527
96,82.2527
79,82.2527
71,84.3391
86,84.3391
103,84.3391
92,84.3391
79,84.3391
73,84.3391
71,84.3391
73,84.3391
74,84.3391
73,84.3391
80,84.3391
130,84.3391
119,84.3391
89,84.3391
76,83.9989
71,83.9989
91,83.9989
101,83.9989
87,83.9989
76,83.9989
71,83.9989
70,83.9989
71,83.9989
72,83.9989
72,83.9989
94,83.9989
135,83.9989
106,83.9989
82,83.9989
70,81.3301
72,81.3301
96,81.3301
97,81.3301
83,81.3301
73,81.3301
70,81.3301
70,81.3301
72,81.3301
72,81.3301
81,81.3301
129,81.3301
116,81.3301
86,81.3301
73,74.6093
68,74.6093
89,74.6093
100,74.6093
87,74.6093
75,74.6093
70,74.6093
70,74.6093
71,74.6093
72,74.6093
79,74.6093
132,74.6093
125,74.6093
92,74.6093
79,74.6093
73,74.6093
90,71.729
104,71.729
91,71.729
78,71.729
73,71.729
72,71.729
74,71.729
75,71.729
74,71.729
92,71.729
143,71.729
117,71.729
91,71.729
81,71.729
79,71.729
101,71.729
105,71.729
89,68.1679
79,68.1679
75,68.1679
76,68.1679
78,68.1679
79,68.1679
78,68.1679
73,68.1679
89,68.1679
145,68.1679
122,68.1679
95,68.1679
85,68.1679
83,68.1679
104,68.1679
107,68.1679
91,68.1679
81,68.1679
78,70.0419
79,70.0419
80,70.0419
82,70.0419
80,70.0419
76,70.0419
73,70.0419
100,70.0419
148,70.0419
115,70.0419
92,70.0419
82,70.0419
85,70.0419
107,70.0419
103,70.0419
88,70.0419
79,70.0419
77,69.6158
78,69.6158
80,69.6158
80,69.6158
78,69.6158
75,69.6158
72,69.6158
71,69.6158
118,69.6158
142,69.6158
104,69.6158
85,69.6158
76,69.6158
89,69.6158
109,69.6158
99,69.6158
84,69.6158
77,72.6631
77,72.6631
78,72.6631
80,72.6631
80,72.6631
78,72.6631
73,72.6631
71,72.6631
104,72.6631
147,72.6631
111,72.6631
88,72.6631
79,72.6631
82,72.6631
104,72.6631
102,72.6631
86,72.6631
76,70.9822
75,70.9822
76,70.9822
78,70.9822
78,70.9822
76,70.9822
73,70.9822
70,70.9822
98,70.9822
151,70.9822
118,70.9822
93,70.9822
85,70.9822
83,70.9822
102,70.9822
104,70.9822
89,70.9822
78,76.4251
75,76.4251
76,76.4251
78,76.4251
78,76.4251
76,76.4251
72,76.4251
74,76.4251
127,76.4251
137,76.4251
101,76.4251
85,76.4251
78,76.4251
87,76.4251
104,76.4251
95,78.3533
81,78.3533
74,78.3533
73,78.3533
74,78.3533
75,78.3533
75,78.3533
73,78.3533
69,78.3533
72,78.3533
128,78.3533
130,78.3533
95,78.3533
80,78.3533
72,78.3533
84,78.3533
102,80.7398
92,80.7398
78,80.7398
71,80.7398
70,80.7398
71,80.7398
72,80.7398
72,80.7398
69,80.7398
75,80.7398
128,80.7398
118,80.7398
87,80.7398
73,80.7398
66,84.5708
83,84.5708
98,84.5708
87,84.5708
74,84.5708
68,84.5708
67,84.5708
68,84.5708
70,84.5708
69,84.5708
69,84.5708
108,84.5708
130,84.5708
94,84.5708
74,84.5708
65,86.1815
71,86.1815
94,86.1815
92,86.1815
77,86.1815
68,86.1815
66,86.1815
66,86.1815
67,86.1815
67,86.1815
75,86.1815
131,86.1815
121,86.1815
89,86.1815
75,86.6199
68,86.6199
81,86.6199
98,86.6199
88,86.6199
75,86.6199
68,86.6199
67,86.6199
68,86.6199
68,86.6199
73,86.6199
125,86.6199
128,86.6199
93,88.0316
77,88.0316
69,88.0316
79,88.0316
97,88.0316
90,88.0316
76,88.0316
69,88.0316
67,88.0316
67,88.0316
67,88.0316
74,88.0316
126,88.0316
123,88.0316
90,94.9437
74,94.9437
67,94.9437
79,94.9437
96,94.9437
87,94.9437
74,94.9437
68,94.9437
66,94.9437
67,94.9437
67,94.9437
75,94.9437
127,94.9437
116,98.3037
86,98.3037
72,98.3037
67,98.3037
81,98.3037
95,98.3037
85,98.3037
73,98.3037
67,98.3037
66,98.3037
66,98.3037
66,98.3037
89,97.8193
133,97.8193
103,97.8193
78,97.8193
67,97.8193
66,97.8193
87,97.8193
93,97.8193
80,97.8193
70,97.8193
66,97.8193
64,97.8193
66,94.8176
98,94.8176
128,94.8176
95,94.8176
73,94.8176
61,94.8176
67,94.8176
88,94.8176
88,94.8176
75,94.8176
67,94.8176
64,94.8176
62,94.8176
84,90.5348
128,90.5348
100,90.5348
74,90.5348
61,90.5348
62,90.5348
83,90.5348
88,90.5348
76,90.5348
67,90.5348
62,90.5348
60,90.5348
75,90.5348
127,87.4537
106,87.4537
77,87.4537
62,87.4537
60,87.4537
80,87.4537
90,87.4537
78,87.4537
68,87.4537
63,87.4537
61,87.4537
61,87.4537
100,87.4537
130,87.4537
92,82.9514
70,82.9514
59,82.9514
65,82.9514
88,82.9514
88,82.9514
75,82.9514
66,82.9514
63,82.9514
62,82.9514
63,82.9514
93,82.9514
138,82.9514
101,82.9514
75,68.9774
63,68.9774
65,68.9774
89,68.9774
93,68.9774
79,68.9774
68,68.9774
65,68.9774
64,68.9774
65,68.9774
69,68.9774
130,68.9774
131,68.9774
93,68.9774
76,68.9774
68,68.9774
81,68.9774
99,68.9774
90,63.7879
76,63.7879
69,63.7879
67,63.7879
68,63.7879
69,63.7879
69,63.7879
108,63.7879
149,63.7879
109,63.7879
86,63.7879
77,63.7879
78,63.7879
98,63.7879
98,63.7879
83,63.7879
73,63.7879
70,63.7879
69,65.9108
71,65.9108
72,65.9108
71,65.9108
68,65.9108
64,65.9108
75,65.9108
144,65.9108
124,65.9108
92,65.9108
79,65.9108
73,65.9108
90,65.9108
102,65.9108
88,65.9108
75,65.9108
70,65.9108
69,65.9108
70,65.9108
71,68.1996
71,68.1996
69,68.1996
66,68.1996
63,68.1996
61,68.1996
72,68.1996
137,68.1996
117,68.1996
86,68.1996
71,68.1996
66,68.1996
83,68.1996
97,68.1996
85,68.1996
72,68.1996
66,68.1996
65,73.2194
66,73.2194
67,73.2194
67,73.2194
66,73.2194
63,73.2194
60,73.2194
58,73.2194
99,73.2194
128,73.2194
92,73.2194
71,73.2194
61,73.2194
63,73.2194
85,73.2194
88,73.2194
74,73.2194
65,67.6223
60,67.6223
60,67.6223
60,67.6223
61,67.6223
61,67.6223
60,67.6223
58,67.6223
58,67.6223
105,67.6223
114,67.6223
80,67.6223
63,67.6223
54,67.6223
59,67.6223
81,67.6223
83,67.6223
70,62.961
61,62.961
58,62.961
56,62.961
57,62.961
58,62.961
58,62.961
56,62.961
79,62.961
119,62.961
92,62.961
68,62.961
57,62.961
53,62.961
67,62.961
82,62.961
74,62.961
63,62.961
57,62.961
55,59.0841
54,59.0841
55,59.0841
56,59.0841
56,59.0841
54,59.0841
59,59.0841
116,59.0841
113,59.0841
82,59.0841
65,59.0841
58,59.0841
61,59.0841
81,59.0841
82,59.0841
70,59.0841
61,59.0841
57,59.0841
56,59.0841
56,59.0841
57,59.0841
57,59.0462
56,59.0462
55,59.0462
52,59.0462
54,59.0462
108,59.0462
116,59.0462
83,59.0462
65,59.0462
57,59.0462
58,59.0462
78,59.0462
82,59.0462
70,59.0462
61,59.0462
57,59.0462
55,59.0462
55,59.0462
55,59.0462
56,59.0462
55,60.6462
53,60.6462
52,60.6462
50,60.6462
48,60.6462
74,60.6462
119,60.6462
92,60.6462
68,60.6462
56,60.6462
51,60.6462
60,60.6462
78,60.6462
74,60.6462
63,60.6462
56,60.6462
52,60.6462
51,60.6462
51,60.6462
52,60.6462
53,57.9988
52,57.9988
51,57.9988
50,57.9988
48,57.9988
48,57.9988
89,57.9988
106,57.9988
77,57.9988
59,57.9988
50,57.9988
47,57.9988
61,57.9988
73,57.9988
67,57.9988
58,57.9988
52,57.9988
49,57.9988
48,57.9988
49,57.9988
49,57.9988
50,51.6118
49,51.6118
48,51.6118
46,51.6118
67,51.6118
117,51.6118
97,51.6118
72,51.6118
59,51.6118
52,51.6118
55,51.6118
73,51.6118
75,51.6118
64,51.6118
56,51.6118
52,51.6118
50,51.6118
50,51.6118
50,51.6118
51,51.6118
50,51.6118
49,51.6118
48,51.6118
46,38.0324
45,38.0324
85,38.0324
115,38.0324
87,38.0324
66,38.0324
56,38.0324
50,38.0324
58,38.0324
73,38.0324
71,38.0324
61,38.0324
54,38.0324
50,38.0324
48,38.0324
48,38.0324
48,38.0324
48,38.0324
48,38.0324
47,38.0324
45,38.0324
43,38.0324
42,38.0324
42,38.0324
41,38.0324
51,38.0324
103,38.0324
93,38.0324
68,38.0324
54,38.0324
47,38.0324
45,39.9374
57,39.9374
70,39.9374
64,39.9374
56,39.9374
50,39.9374
47,39.9374
46,39.9374
46,39.9374
46,39.9374
47,39.9374
46,39.9374
45,39.9374
43,39.9374
42,39.9374
41,39.9374
40,39.9374
40,39.9374
39,39.9374
38,39.9374
38,39.9374
37,39.9374
36,39.9374
36,39.9374
36,39.9374
36,39.9374
74,39.9374
106,39.9374
84,39.9374
62,39.9374
51,24.7519
45,24.7519
44,24.7519
57,24.7519
66,24.7519
60,24.7519
52,24.7519
47,24.7519
44,24.7519
42,24.7519
42,24.7519
42,24.7519
43,24.7519
42,24.7519
42,24.7519
40,24.7519
39,24.7519
38,24.7519
37,24.7519
36,24.7519
36,24.7519
35,24.7519
35,24.7519
34,24.7519
34,24.7519
34,24.7519
56,24.7519
97,24.7519
84,24.7519
63,24.7519
51,24.7519
44,24.7519
41,24.7519
47,24.7519
60,24.7519
61,24.7519
53,24.7519
48,24.7519
44,24.7519
42,24.7519
41,24.7519
41,24.7519
41,24.7519
41,24.7519
40,24.7519
39,24.7519
39,24.7519
38,24.7519
37,24.7519
36,20.6182
35,20.6182
34,20.6182
34,20.6182
33,20.6182
32,20.6182
32,20.6182
31,20.6182
31,20.6182
31,20.6182
30,20.6182
30,20.6182
30,20.6182
29,20.6182
28,20.6182
28,20.6182
27,20.6182
27,20.6182
27,20.6182
27,20.6182
27,20.6182
28,20.6182
28,20.6182
29,20.6182
29,20.6182
29,20.6182
48,20.6182
75,20.6182
68,20.6182
53,20.6182
43,20.6182
37,20.6182
34,20.6182
33,20.6182
39,20.6182
47,20.6182
46,20.6182
42,20.6182
38,20.6182
36,20.6182
34,20.6182
32,20.6182
32,20.6182
31,20.6182
31,20.6182
31,20.6182
31,20.6182
31,20.6182
30,20.6182
29,20.6182
29,20.6182
29,20.6182
28,20.6182
28,20.6182
27,20.6182
27,20.6182
27,20.6182
27,20.6182
27,24.4939
26,24.4939
26,24.4939
26,24.4939
25,24.4939
25,24.4939
25,24.4939
25,24.4939
25,24.4939
25,24.4939
25,24.4939
24,24.4939
24,24.4939
24,24.4939
24,24.4939
24,24.4939
24,24.4939
24,24.4939
24,24.4939
24,24.4939
24,24.4939
24,24.4939
24,24.4939
24,24.4939
24,24.4939
24,24.4939
24,24.4939
28,24.4939
49,24.4939
54,24.4939
46,24.4939
39,24.4939
34,24.4939
31,24.4939
29,24.4939
30,24.4939
35,24.4939
40,24.4939
39,24.4939
36,24.4939
34,24.4939
31,24.4939
29,24.4939
28,24.4939
27,24.4939
27,24.4939
27,24.4939
27,24.4939
27,24.4939
27,9.6352
27,9.6352
26,9.6352
26,9.6352
26,9.6352
26,9.6352
25,9.6352
25,9.6352
25,9.6352
25,9.6352
25,9.6352
25,9.6352
25,9.6352
25,9.6352
24,9.6352
24,9.6352
24,9.6352
24,9.6352
24,9.6352
24,9.6352
24,9.6352
24,9.6352
24,9.6352
24,9.6352
24,9.6352
23,9.6352
34,9.6352
66,9.6352
70,9.6352
58,9.6352
46,9.6352
38,9.6352
34,9.6352
31,9.6352
31,9.6352
37,9.6352
42,9.6352
40,9.6352
37,9.6352
34,9.6352
31,9.6352
30,9.6352
28,9.6352
28,9.6352
28,9.6352
28,9.6352
27,9.6352
27,9.6352
27,9.6352
26,9.6352
25,9.6352
25,9.6352
24,9.6352
24,9.6352
24,9.6352
24,9.6352
24,9.6352
24,9.6352
24,9.6352
23,9.6352
23,9.6352
23,9.6352
23,9.6352
23,9.6352
23,9.6352
23,9.6352
22,9.6352
22,9.6352
22,9.6352
22,9.6352
22,9.6352
22,9.6352
22,9.6352
22,9.6352
22,9.6352
22,9.6352
22,9.6352
22,9.6352
22,9.6352
22,9.6352
22,9.6352
22,9.6352
22,9.6352
22,9.6352
21,9.6352
21,9.6352
22,9.6352
21,9.6352
21,9.6352
21,9.6352
21,9.6352
21,9.6352
21,9.6352
21,9.6352
21,9.6352
21,9.6352
21,9.6352
21,9.6352
21,9.6352
21,9.6352
21,9.6352
21,9.6352
21,9.6352
20,9.6352
20,9.6352
20,9.6352
20,9.6352
20,9.6352
20,9.6352
20,9.6352
20,9.6352
20,9.6352
20,9.6352
20,9.6352
20,9.6352
20,9.6352
20,9.6352
20,9.6352
20,9.6352
20,9.6352
20,9.6352
20,9.6352
20,9.6352
20,9.6352
21,9.6352
21,67.1914
21,67.1914
21,67.1914
21,67.1914
22,67.1914
23,67.1914
22,67.1914
21,67.1914
22,67.1914
22,67.1914
22,67.1914
22,67.1914
22,67.1914
23,67.1914
24,67.1914
24,67.1914
23,67.1914
23,67.1914
22,20.4231
23,20.4231
22,20.4231
22,20.4231
22,20.4231
23,20.4231
22,20.4231
22,20.4231
23,20.4231
22,20.4231
21,20.4231
20,20.4231
19,20.4231
19,20.4231
22,20.4231
24,20.4231
21,20.4231
17,20.4231
16,20.4231
17,20.4231
23,20.4231
26,20.4231
26,20.4231
21,20.4231
18,20.4231
18,20.4231
17,20.4231
16,20.4231
16,20.4231
19,20.4231
60,20.4231
32,20.4231
29,20.4231
25,20.4231
24,20.4231
23,20.4231
19,20.4231
16,20.4231
15,20.4231
19,20.4231
42,20.4231
25,20.4231
21,20.4231
20,20.4231
22,20.4231
23,20.4231
22,20.4231
20,20.4231
18,20.4231
18,20.4231
20,20.4231
23,20.4231
24,20.4231
22,20.4231
19,20.4231
20,20.4231
20,20.4231
20,20.4231
20,11.5528
20,11.5528
20,11.5528
20,11.5528
20,11.5528
20,11.5528
20,11.5528
20,11.5528
20,11.5528
20,11.5528
20,11.5528
19,11.5528
20,11.5528
20,11.5528
20,11.5528
20,11.5528
20,11.5528
20,11.5528
20,11.5528
20,11.5528
21,11.5528
21,11.5528
21,11.5528
21,11.5528
21,11.5528
21,11.5528
21,11.5528
21,11.5528
21,11.5528
29,11.5528
35,11.5528
35,11.5528
32,11.5528
29,11.5528
27,11.5528
26,11.5528
26,11.5528
28,11.5528
30,11.5528
30,11.5528
29,11.5528
27,11.5528
27,11.5528
26,11.5528
25,11.5528
24,11.5528
24,11.5528
23,11.5528
22,11.5528
22,11.5528
22,11.5528
21,11.5528
21,11.5528
21,11.5528
21,11.5528
21,11.5528
21,11.5528
21,11.5528
21,11.5528
22,11.5528
22,11.5528
21,11.5528
21,11.5528
21,11.5528
21,11.5528
20,11.5528
20,11.5528
20,11.5528
20,11.5528
20,11.5528
20,11.5528
20,11.5528
20,11.5528
20,11.5528
21,11.5528
21,11.5528
20,11.5528
20,11.5528
21,11.5528
20,11.5528
20,11.5528
20,11.5528
20,11.5528
20,11.5528
20,11.5528
20,11.5528
20,11.5528
20,11.5528
19,11.5528
19,11.5528
20,11.5528
19,11.5528
19,11.5528
19,11.5528
19,11.5528
19,11.5528
19,11.5528
19,11.5528
19,11.5528
19,11.5528
19,11.5528
19,11.5528
19,11.5528
18,11.5528
18,21.2618
18,21.2618
19,21.2618
19,21.2618
19,21.2618
18,21.2618
19,21.2618
19,21.2618
19,21.2618
19,21.2618
19,21.2618
19,21.2618
19,21.2618
19,21.2618
19,21.2618
20,21.2618
20,21.2618
19,21.2618
20,21.2618
19,21.2618
19,21.2618
20,21.2618
20,21.2618
19,21.2618
19,21.2618
19,21.2618
19,21.2618
19,21.2618
19,21.2618
19,21.2618
18,21.2618
18,21.2618
19,21.2618
18,21.2618
18,21.2618
18,21.2618
18,21.2618
19,21.2618
18,21.2618
18,21.2618
18,21.2618
18,21.2618
18,21.2618
18,21.2618
18,21.2618
18,21.2618
18,21.2618
18,21.2618
18,21.2618
18,21.2618
18,21.2618
18,21.2618
18,21.2618
18,21.2618
18,21.2618
18,21.2618
18,21.2618
18,29.5703
18,29.5703
18,29.5703
18,29.5703
18,29.5703
18,29.5703
18,29.5703
18,29.5703
18,29.5703
18,29.5703
18,29.5703
18,29.5703
18,29.5703
18,29.5703
18,29.5703
17,29.5703
16,29.5703
18,29.5703
18,29.5703
17,29.5703
17,29.5703
17,29.5703
17,29.5703
17,29.5703
17,29.5703
17,29.5703
17,29.5703
26,29.5703
34,29.5703
34,29.5703
31,29.5703
27,29.5703
23,29.5703
19,29.5703
18,29.5703
17,29.5703
19,29.5703
22,29.5703
22,29.5703
20,29.5703
20,34.8959
20,34.8959
19,34.8959
19,34.8959
19,34.8959
19,34.8959
19,34.8959
19,34.8959
19,34.8959
18,34.8959
19,34.8959
19,34.8959
19,34.8959
19,34.8959
19,34.8959
19,34.8959
19,34.8959
19,34.8959
19,34.8959
19,34.8959
18,34.8959
19,34.8959
19,34.8959
18,34.8959
17,34.8959
17,34.8959
23,34.8959
36,34.8959
42,34.8959
40,34.8959
34,34.8959
28,34.8959
23,34.8959
19,34.8959
17,34.8959
17,38.1245
19,38.1245
23,38.1245
25,38.1245
26,38.1245
25,38.1245
23,38.1245
21,38.1245
19,38.1245
18,38.1245
17,38.1245
17,38.1245
17,38.1245
17,38.1245
17,38.1245
17,38.1245
17,38.1245
17,38.1245
17,38.1245
17,38.1245
16,38.1245
16,38.1245
16,38.1245
16,38.1245
16,38.1245
26,38.1245
43,38.1245
50,38.1245
48,38.1245
40,38.1245
33,38.1245
33,32.4935
33,32.4935
33,32.4935
33,32.4935
33,32.4935
33,32.4935
33,32.4935
34,32.4935
39,32.4935
39,32.4935
39,32.4935
40,32.4935
39,32.4935
39,32.4935
39,32.4935
39,32.4935
40,32.4935
40,32.4935
40,32.4935
39,32.4935
39,32.4935
39,32.4935
39,32.4935
39,32.4935
40,32.4935
40,32.4935
40,32.4935
40,32.4935
40,32.4935
39,32.4935
37,32.4935
30,32.4935
30,32.4935
30,32.4935
30,32.4935
30,32.4935
30,32.4935
30,42.2117
30,42.2117
30,42.2117
30,42.2117
30,42.2117
30,42.2117
30,42.2117
30,42.2117
30,42.2117
30,42.2117
30,42.2117
30,42.2117
30,42.2117
30,42.2117
30,42.2117
30,42.2117
30,42.2117
30,42.2117
30,42.2117
30,42.2117
30,42.2117
30,42.2117
30,42.2117
30,42.2117
30,42.2117
30,42.2117
30,42.2117
30,42.2117
30,49.5101
30,49.5101
26,49.5101
33,49.5101
30,49.5101
26,49.5101
26,49.5101
29,49.5101
32,49.5101
32,49.5101
31,49.5101
29,49.5101
29,49.5101
28,49.5101
27,49.5101
26,49.5101
25,49.5101
24,49.5101
23,49.5101
22,49.5101
22,49.5101
22,49.5101
21,49.5101
21,49.5101
21,49.5101
21,57.8822
37,57.8822
60,57.8822
65,57.8822
56,57.8822
47,57.8822
38,57.8822
32,57.8822
28,57.8822
29,57.8822
33,57.8822
36,57.8822
36,57.8822
34,57.8822
32,57.8822
31,57.8822
31,57.8822
30,57.8822
28,57.8822
28,57.8822
27,61.9052
25,61.9052
25,61.9052
24,61.9052
25,61.9052
38,61.9052
64,61.9052
71,61.9052
62,61.9052
51,61.9052
42,61.9052
35,61.9052
32,61.9052
34,61.9052
38,61.9052
41,61.9052
40,61.9052
37,61.9052
35,61.9052
34,61.9052
32,68.1352
31,68.1352
29,68.1352
28,68.1352
28,68.1352
30,68.1352
53,68.1352
75,68.1352
73,68.1352
60,68.1352
49,68.1352
42,68.1352
36,68.1352
36,68.1352
39,68.1352
43,68.1352
44,68.1352
42,79.7609
39,79.7609
38,79.7609
36,79.7609
34,79.7609
33,79.7609
32,79.7609
31,79.7609
49,79.7609
77,79.7609
80,79.7609
66,79.7609
55,79.7609
47,79.7609
40,79.7609
40,80.3922
46,80.3922
50,80.3922
48,80.3922
45,80.3922
42,80.3922
40,80.3922
38,80.3922
37,80.3922
36,80.3922
40,80.3922
71,80.3922
88,80.3922
78,80.3922
63,80.3922
54,64.2865
46,64.2865
43,64.2865
47,64.2865
53,64.2865
54,64.2865
50,64.2865
46,64.2865
43,64.2865
41,64.2865
44,64.2865
77,64.2865
93,64.2865
80,64.2865
66,64.2865
58,64.2865
50,64.2865
49,64.2865
55,64.2865
60,70.2043
58,70.2043
52,70.2043
48,70.2043
45,70.2043
42,70.2043
55,70.2043
92,70.2043
96,70.2043
80,70.2043
68,70.2043
59,70.2043
52,70.2043
53,70.2043
60,70.2043
63,70.2043
58,70.2043
53,68.9877
49,68.9877
47,68.9877
45,68.9877
43,68.9877
43,68.9877
42,68.9877
43,68.9877
77,68.9877
103,68.9877
89,68.9877
73,68.9877
63,68.9877
55,68.9877
54,68.9877
60,68.9877
65,68.9877
63,67.7131
57,67.7131
53,67.7131
49,67.7131
47,67.7131
46,67.7131
45,67.7131
45,67.7131
74,67.7131
103,67.7131
92,67.7131
75,67.7131
66,67.7131
58,67.7131
55,67.7131
61,67.7131
66,67.7131
64,67.7131
58,67.2398
54,67.2398
51,67.2398
48,67.2398
47,67.2398
46,67.2398
45,67.2398
58,67.2398
98,67.2398
101,67.2398
82,67.2398
70,67.2398
63,67.2398
57,67.2398
59,67.2398
67,67.2398
67,67.2398
61,67.2398
56,66.7065
52,66.7065
50,66.7065
48,66.7065
47,66.7065
47,66.7065
47,66.7065
72,66.7065
105,66.7065
96,66.7065
78,66.7065
69,66.7065
62,66.7065
57,66.7065
62,66.7065
69,66.7065
67,66.7065
60,66.7065
55,66.9627
52,66.9627
50,66.9627
49,66.9627
48,66.9627
48,66.9627
47,66.9627
78,66.9627
107,66.9627
94,66.9627
77,66.9627
68,66.9627
61,66.9627
58,66.9627
65,66.9627
70,66.9627
66,66.9627
60,66.9627
55,66.398
52,66.398
51,66.398
50,66.398
49,66.398
48,66.398
48,66.398
80,66.398
107,66.398
94,66.398
78,66.398
69,66.398
62,66.398
58,66.398
65,66.398
70,66.398
67,66.398
61,66.398
56,65.7039
53,65.7039
52,65.7039
50,65.7039
50,65.7039
49,65.7039
50,65.7039
84,65.7039
107,65.7039
93,65.7039
78,65.7039
70,65.7039
63,65.7039
60,65.7039
67,65.7039
71,65.7039
68,65.7039
61,65.7039
57,76.1383
54,76.1383
53,76.1383
52,76.1383
51,76.1383
50,76.1383
51,76.1383
82,76.1383
106,76.1383
95,76.1383
80,76.1383
71,76.1383
63,76.1383
60,76.1383
66,76.1383
73,76.1383
70,85.1139
65,85.1139
63,85.1139
64,85.1139
63,85.1139
62,85.1139
62,85.1139
62,85.1139
60,85.1139
78,85.1139
105,85.1139
99,85.1139
83,85.1139
75,85.1139
67,86.7634
65,86.7634
71,86.7634
73,86.7634
70,86.7634
64,86.7634
60,86.7634
59,86.7634
58,86.7634
57,86.7634
57,86.7634
88,86.7634
106,86.7634
95,86.7634
84,76.6693
80,76.6693
71,76.6693
67,76.6693
73,76.6693
76,76.6693
71,76.6693
66,76.6693
62,76.6693
60,76.6693
60,76.6693
87,76.6693
108,76.6693
98,76.6693
88,76.6693
83,76.6693
72,77.8838
69,77.8838
74,77.8838
77,77.8838
71,77.8838
66,77.8838
63,77.8838
61,77.8838
65,77.8838
98,77.8838
108,77.8838
96,77.8838
89,77.8838
83,77.8838
72,77.8838
72,79.1807
77,79.1807
77,79.1807
70,79.1807
65,79.1807
63,79.1807
62,79.1807
62,79.1807
61,79.1807
79,79.1807
109,79.1807
103,79.1807
92,79.1807
86,79.1807
77,79.1807
70,78.8274
74,78.8274
77,78.8274
73,78.8274
67,78.8274
63,78.8274
61,78.8274
61,78.8274
59,78.8274
61,78.8274
93,78.8274
106,78.8274
95,78.8274
86,78.8274
78,78.8274
70,75.3207
71,75.3207
78,75.3207
75,75.3207
69,75.3207
64,75.3207
62,75.3207
61,75.3207
60,75.3207
62,75.3207
94,75.3207
108,75.3207
98,75.3207
91,75.3207
84,75.3207
72,75.3207
72,77.4487
78,77.4487
77,77.4487
71,77.4487
66,77.4487
64,77.4487
63,77.4487
62,77.4487
62,77.4487
92,77.4487
110,77.4487
102,77.4487
94,77.4487
88,77.4487
75,77.4487
72,77.4487
77,75.2345
77,75.2345
72,75.2345
67,75.2345
64,75.2345
62,75.2345
61,75.2345
60,75.2345
61,75.2345
95,75.2345
111,75.2345
100,75.2345
90,75.2345
82,75.2345
72,75.2345
73,75.2345
79,78.7255
77,78.7255
71,78.7255
67,78.7255
64,78.7255
62,78.7255
62,78.7255
61,78.7255
79,78.7255
112,78.7255
107,78.7255
96,78.7255
89,78.7255
77,78.7255
72,78.7255
76,94.6022
78,94.6022
73,94.6022
68,94.6022
65,94.6022
63,94.6022
62,94.6022
61,94.6022
61,94.6022
86,94.6022
114,94.6022
107,94.6022
96,94.6022
88,93.1928
76,93.1928
73,93.1928
77,93.1928
78,93.1928
73,93.1928
68,93.1928
65,93.1928
63,93.1928
63,93.1928
61,93.1928
77,93.1928
113,93.1928
110,63.6679
98,63.6679
91,63.6679
80,63.6679
74,63.6679
77,63.6679
78,63.6679
74,63.6679
69,63.6679
66,63.6679
65,63.6679
94,63.6679
116,63.6679
107,63.6679
97,63.6679
88,63.6679
75,63.6679
73,63.6679
78,72.8327
77,72.8327
71,72.8327
68,72.8327
65,72.8327
67,72.8327
105,72.8327
117,72.8327
104,72.8327
94,72.8327
83,72.8327
72,72.8327
74,72.8327
78,72.8327
75,72.8327
69,72.8327
65,72.8327
63,71.6627
62,71.6627
60,71.6627
59,71.6627
58,71.6627
57,71.6627
56,71.6627
63,71.6627
109,71.6627
115,71.6627
98,71.6627
84,71.6627
73,71.6627
68,71.6627
73,71.6627
76,71.6627
71,71.6627
66,70.3078
63,70.3078
61,70.3078
60,70.3078
58,70.3078
57,70.3078
56,70.3078
83,70.3078
115,70.3078
106,70.3078
93,70.3078
82,70.3078
71,70.3078
69,70.3078
73,70.3078
74,70.3078
69,70.3078
65,73.3787
62,73.3787
60,73.3787
59,73.3787
57,73.3787
57,73.3787
57,73.3787
95,73.3787
115,73.3787
102,73.3787
90,73.3787
78,73.3787
68,73.3787
69,73.3787
73,73.3787
72,73.3787
67,70.9853
63,70.9853
61,70.9853
59,70.9853
58,70.9853
56,70.9853
55,70.9853
56,70.9853
89,70.9853
114,70.9853
100,70.9853
85,70.9853
74,70.9853
64,70.9853
67,70.9853
73,70.9853
71,70.9853
66,72.4182
62,72.4182
60,72.4182
58,72.4182
57,72.4182
56,72.4182
55,72.4182
74,72.4182
113,72.4182
108,72.4182
92,72.4182
80,72.4182
68,72.4182
66,72.4182
71,72.4182
72,72.4182
68,72.4182
64,73.1414
61,73.1414
58,73.1414
57,73.1414
55,73.1414
55,73.1414
54,73.1414
81,73.1414
114,73.1414
105,73.1414
91,73.1414
80,73.1414
70,73.1414
67,73.1414
70,73.1414
71,73.1414
68,77.4844
61,77.4844
63,77.4844
60,77.4844
56,77.4844
55,77.4844
54,77.4844
62,77.4844
100,77.4844
111,77.4844
96,77.4844
84,77.4844
75,77.4844
66,77.4844
68,77.4844
71,76.2479
68,76.2479
64,76.2479
61,76.2479
59,76.2479
58,76.2479
56,76.2479
55,76.2479
54,76.2479
78,76.2479
110,76.2479
102,76.2479
87,76.2479
74,76.2479
64,76.2479
65,76.2479
70,73.2781
70,73.2781
66,73.2781
62,73.2781
60,73.2781
58,73.2781
57,73.2781
56,73.2781
61,73.2781
101,73.2781
110,73.2781
96,73.2781
83,73.2781
72,73.2781
66,73.2781
70,73.2781
73,73.2781
69,70.9778
65,70.9778
62,70.9778
60,70.9778
58,70.9778
57,70.9778
56,70.9778
72,70.9778
112,70.9778
109,70.9778
96,70.9778
86,70.9778
74,70.9778
69,70.9778
72,70.9778
73,70.9778
70,69.289
66,69.289
63,69.289
61,69.289
59,69.289
58,69.289
57,69.289
60,69.289
101,69.289
113,69.289
100,69.289
89,69.289
78,69.289
69,69.289
71,69.289
74,69.289
72,69.289
68,69.289
64,72.6844
62,72.6844
60,72.6844
59,72.6844
58,72.6844
57,72.6844
62,72.6844
103,72.6844
111,72.6844
99,72.6844
88,72.6844
76,72.6844
69,72.6844
71,72.6844
74,72.6844
71,72.6844
68,75.7847
65,75.7847
62,75.7847
60,75.7847
59,75.7847
58,75.7847
57,75.7847
58,75.7847
91,75.7847
112,75.7847
102,75.7847
90,75.7847
79,75.7847
70,75.7847
70,75.7847
74,75.7847
72,76.7685
68,76.7685
65,76.7685
62,76.7685
60,76.7685
59,76.7685
58,76.7685
56,76.7685
65,76.7685
104,76.7685
107,76.7685
94,76.7685
83,76.7685
70,76.7685
67,76.7685
71,76.7685
73,73.4616
70,73.4616
66,73.4616
63,73.4616
61,73.4616
59,73.4616
58,73.4616
57,73.4616
69,73.4616
106,73.4616
105,73.4616
91,73.4616
80,73.4616
68,73.4616
67,73.4616
73,73.4616
73,68.0417
69,68.0417
66,68.0417
63,68.0417
60,68.0417
59,68.0417
58,68.0417
58,68.0417
89,68.0417
112,68.0417
104,68.0417
93,68.0417
83,68.0417
72,68.0417
71,68.0417
75,68.0417
74,68.0417
70,68.0417
67,67.3924
64,67.3924
62,67.3924
60,67.3924
60,67.3924
58,67.3924
77,67.3924
111,67.3924
109,67.3924
98,67.3924
89,67.3924
77,67.3924
72,67.3924
75,67.3924
77,67.3924
73,67.3924
69,67.3924
66,67.3924
63,71.7228
62,71.7228
60,71.7228
59,71.7228
58,71.7228
59,71.7228
93,71.7228
113,71.7228
104,71.7228
94,71.7228
84,71.7228
73,71.7228
72,71.7228
76,71.7228
76,71.7228
71,71.7228
67,68.646
64,68.646
62,68.646
61,68.646
59,68.646
59,68.646
58,68.646
59,68.646
92,68.646
110,68.646
99,68.646
87,68.646
76,68.646
68,68.646
71,68.646
76,68.646
74,68.646
70,68.646
67,70.9214
65,70.9214
62,70.9214
61,70.9214
60,70.9214
58,70.9214
65,70.9214
103,70.9214
111,70.9214
100,70.9214
91,70.9214
80,70.9214
72,70.9214
74,70.9214
77,70.9214
75,70.9214
70,70.9214
67,73.2964
64,73.2964
62,73.2964
60,73.2964
59,73.2964
58,73.2964
58,73.2964
87,73.2964
112,73.2964
105,73.2964
94,73.2964
86,73.2964
74,73.2964
72,73.2964
76,73.2964
76,73.2964
73,82.2246
69,82.2246
66,82.2246
63,82.2246
61,82.2246
60,82.2246
59,82.2246
59,82.2246
88,82.2246
110,82.2246
104,82.2246
94,82.2246
84,82.2246
73,82.2246
71,82.2246
75,94.5181
75,94.5181
72,94.5181
68,94.5181
65,94.5181
63,94.5181
61,94.5181
60,94.5181
59,94.5181
74,94.5181
106,94.5181
107,94.5181
97,59.8395
88,59.8395
75,59.8395
71,59.8395
74,59.8395
76,59.8395
73,59.8395
69,59.8395
65,59.8395
64,59.8395
62,59.8395
61,59.8395
87,59.8395
109,59.8395
104,59.8395
94,59.8395
84,59.8395
72,59.8395
71,59.8395
75,59.8395
75,67.4469
72,67.4469
68,67.4469
64,67.4469
67,67.4469
98,67.4469
109,67.4469
99,67.4469
90,67.4469
78,67.4469
70,67.4469
73,67.4469
76,67.4469
74,67.4469
70,67.4469
65,67.4469
63,67.4469
62,67.4469
60,66.4765
59,66.4765
58,66.4765
57,66.4765
56,66.4765
55,66.4765
61,66.4765
101,66.4765
110,66.4765
97,66.4765
86,66.4765
74,66.4765
68,66.4765
72,66.4765
75,66.4765
73,66.4765
69,66.4765
66,66.4765
63,65.4235
61,65.4235
59,65.4235
58,65.4235
57,65.4235
56,65.4235
67,65.4235
102,65.4235
108,65.4235
98,65.4235
88,65.4235
78,65.4235
70,65.4235
71,65.4235
75,65.4235
73,65.4235
69,65.4235
66,65.4235
63,65.4235
61,64.2689
59,64.2689
58,64.2689
57,64.2689
56,64.2689
64,64.2689
99,64.2689
108,64.2689
99,64.2689
89,64.2689
79,64.2689
70,64.2689
71,64.2689
75,64.2689
74,64.2689
70,64.2689
66,64.2689
64,64.2689
62,67.9666
60,67.9666
58,67.9666
58,67.9666
57,67.9666
57,67.9666
84,67.9666
107,67.9666
102,67.9666
92,67.9666
82,67.9666
71,67.9666
69,67.9666
73,67.9666
74,67.9666
71,67.9666
67,67.9666
64,67.9666
61,61.207
60,61.207
59,61.207
57,61.207
57,61.207
56,61.207
60,61.207
92,61.207
106,61.207
96,61.207
85,61.207
74,61.207
67,61.207
70,61.207
75,61.207
73,61.207
70,61.207
66,61.207
63,61.207
61,61.207
59,61.388
58,61.388
57,61.388
56,61.388
71,61.388
103,61.388
106,61.388
96,61.388
87,61.388
76,61.388
70,61.388
72,61.388
76,61.388
74,61.388
70,61.388
66,61.388
64,61.388
61,61.388
59,61.388
58,63.3734
57,63.3734
57,63.3734
56,63.3734
57,63.3734
86,63.3734
107,63.3734
102,63.3734
92,63.3734
83,63.3734
72,63.3734
70,63.3734
74,63.3734
75,63.3734
72,63.3734
69,63.3734
65,63.3734
63,63.3734
61,63.3734
59,66.2582
58,66.2582
57,66.2582
57,66.2582
56,66.2582
64,66.2582
98,66.2582
106,66.2582
97,66.2582
87,66.2582
77,66.2582
69,66.2582
71,66.2582
75,66.2582
74,66.2582
71,66.2582
67,66.2582
64,66.2582
61,58.9139
60,58.9139
58,58.9139
58,58.9139
57,58.9139
56,58.9139
64,58.9139
97,58.9139
105,58.9139
94,58.9139
84,58.9139
73,58.9139
68,58.9139
71,58.9139
75,58.9139
74,58.9139
70,58.9139
67,58.9139
64,58.9139
62,58.9139
60,60.7104
59,60.7104
58,60.7104
57,60.7104
64,60.7104
97,60.7104
108,60.7104
99,60.7104
90,60.7104
80,60.7104
71,60.7104
71,60.7104
76,60.7104
75,60.7104
72,60.7104
68,60.7104
65,60.7104
63,60.7104
61,60.7104
59,60.7104
58,65.4933
57,65.4933
57,65.4933
56,65.4933
57,65.4933
85,65.4933
107,65.4933
102,65.4933
92,65.4933
83,65.4933
73,65.4933
70,65.4933
74,65.4933
76,65.4933
73,65.4933
69,65.4933
66,65.4933
63,65.4933
61,65.4933
60,64.6396
59,64.6396
58,64.6396
57,64.6396
56,64.6396
59,64.6396
90,64.6396
106,64.6396
100,64.6396
90,64.6396
80,64.6396
70,64.6396
70,64.6396
74,64.6396
75,64.6396
72,64.6396
68,64.6396
65,64.6396
62,63.4096
61,63.4096
59,63.4096
58,63.4096
57,63.4096
57,63.4096
76,63.4096
104,63.4096
102,63.4096
92,63.4096
82,63.4096
71,63.4096
68,63.4096
73,63.4096
75,63.4096
73,63.4096
69,63.4096
66,63.4096
63,63.4096
61,67.7477
59,67.7477
58,67.7477
58,67.7477
57,67.7477
62,67.7477
95,67.7477
108,67.7477
100,67.7477
91,67.7477
82,67.7477
72,67.7477
71,67.7477
75,67.7477
76,67.7477
73,67.7477
69,67.7477
65,67.7477
63,74.0927
61,74.0927
59,74.0927
59,74.0927
58,74.0927
57,74.0927
63,74.0927
95,74.0927
107,74.0927
99,74.0927
90,74.0927
81,74.0927
71,74.0927
71,74.0927
76,74.0927
75,74.0927
72,74.8611
68,74.8611
65,74.8611
63,74.8611
61,74.8611
60,74.8611
59,74.8611
57,74.8611
71,74.8611
102,74.8611
106,74.8611
97,74.8611
88,74.8611
77,74.8611
70,74.8611
72,74.8611
76,62.6414
74,62.6414
71,62.6414
67,62.6414
64,62.6414
62,62.6414
61,62.6414
59,62.6414
65,62.6414
97,62.6414
107,62.6414
97,62.6414
83,62.6414
83,62.6414
83,62.6414
83,62.6414
83,62.6414
83,62.6414
83,62.6414
83,64.9532
83,64.9532
83,64.9532
83,64.9532
83,64.9532
83,64.9532
83,64.9532
83,64.9532
83,64.9532
85,64.9532
92,64.9532
92,64.9532
92,64.9532
92,64.9532
92,64.9532
92,64.9532
92,64.9532
92,64.9532
92,64.9532
92,59.3714
92,59.3714
92,59.3714
92,59.3714
92,59.3714
92,59.3714
92,59.3714
91,59.3714
92,59.3714
86,59.3714
78,59.3714
78,59.3714
78,59.3714
78,59.3714
78,59.3714
78,59.3714
78,59.3714
78,59.3714
78,59.3714
78,59.3714
78,59.4585
78,59.4585
78,59.4585
78,59.4585
79,59.4585
78,59.4585
78,59.4585
78,59.4585
78,59.4585
75,59.4585
69,59.4585
71,59.4585
74,59.4585
73,59.4585
69,59.4585
65,59.4585
63,59.4585
61,59.4585
59,59.4585
58,59.4585
57,63.222
56,63.222
56,63.222
55,63.222
69,63.222
102,63.222
106,63.222
95,63.222
86,63.222
76,63.222
69,63.222
70,63.222
75,63.222
74,63.222
70,63.222
67,63.222
64,63.222
61,63.222
59,63.222
58,60.3208
57,60.3208
56,60.3208
56,60.3208
55,60.3208
60,60.3208
92,60.3208
105,60.3208
96,60.3208
85,60.3208
75,60.3208
67,60.3208
68,60.3208
73,60.3208
73,60.3208
70,60.3208
66,60.3208
63,60.3208
61,60.3208
59,60.3208
58,59.2799
57,59.2799
56,59.2799
55,59.2799
62,59.2799
94,59.2799
106,59.2799
98,59.2799
88,59.2799
79,59.2799
70,59.2799
69,59.2799
74,59.2799
75,59.2799
72,59.2799
68,59.2799
64,59.2799
62,59.2799
60,59.2799
59,59.2799
57,58.9446
57,58.9446
56,58.9446
55,58.9446
65,58.9446
98,58.9446
106,58.9446
97,58.9446
87,58.9446
78,58.9446
70,58.9446
70,58.9446
75,58.9446
75,58.9446
71,58.9446
68,58.9446
65,58.9446
62,58.9446
60,58.9446
59,58.9446
57,58.9446
57,64.8154
57,64.8154
55,64.8154
59,64.8154
90,64.8154
107,64.8154
100,64.8154
89,64.8154
80,64.8154
70,64.8154
69,64.8154
74,64.8154
75,64.8154
73,64.8154
69,64.8154
65,64.8154
63,64.8154
61,64.8154
59,57.398
58,57.398
57,57.398
57,57.398
56,57.398
55,57.398
74,57.398
102,57.398
102,57.398
90,57.398
81,57.398
70,57.398
67,57.398
72,57.398
76,57.398
74,57.398
70,57.398
67,57.398
64,57.398
62,57.398
60,57.398
59,60.252
58,60.252
57,60.252
63,60.252
95,60.252
108,60.252
100,60.252
91,60.252
83,60.252
73,60.252
71,60.252
76,60.252
77,60.252
74,60.252
70,60.252
67,60.252
64,60.252
62,60.252
60,60.252
59,60.252
58,61.9858
57,61.9858
57,61.9858
56,61.9858
65,61.9858
98,61.9858
108,61.9858
99,61.9858
89,61.9858
81,61.9858
72,61.9858
72,61.9858
76,61.9858
76,61.9858
73,61.9858
69,61.9858
66,61.9858
63,61.9858
62,61.9858
60,64.9262
59,64.9262
58,64.9262
58,64.9262
57,64.9262
66,64.9262
98,64.9262
106,64.9262
98,64.9262
88,64.9262
79,64.9262
71,64.9262
71,64.9262
76,64.9262
76,64.9262
72,64.9262
69,64.9262
65,64.9262
63,64.9262
61,63.5138
60,63.5138
59,63.5138
58,63.5138
57,63.5138
59,63.5138
86,63.5138
106,63.5138
101,63.5138
90,63.5138
81,63.5138
72,63.5138
70,63.5138
75,63.5138
77,63.5138
74,63.5138
70,63.5138
66,63.5138
64,63.5138
62,59.7586
60,59.7586
59,59.7586
59,59.7586
58,59.7586
70,59.7586
101,59.7586
105,59.7586
95,59.7586
85,59.7586
76,59.7586
69,59.7586
73,59.7586
77,59.7586
75,59.7586
71,59.7586
68,59.7586
65,59.7586
63,59.7586
61,59.7586
60,60.8145
59,60.8145
58,60.8145
57,60.8145
78,60.8145
106,60.8145
106,60.8145
97,60.8145
89,60.8145
80,60.8145
73,60.8145
75,60.8145
78,60.8145
77,60.8145
73,60.8145
69,60.8145
66,60.8145
64,60.8145
62,60.8145
61,63.2833
60,63.2833
59,63.2833
58,63.2833
57,63.2833
74,63.2833
105,63.2833
107,63.2833
98,63.2833
89,63.2833
80,63.2833
72,63.2833
74,63.2833
78,63.2833
77,63.2833
73,63.2833
69,63.2833
66,63.2833
64,63.2833
62,63.0304
61,63.0304
60,63.0304
59,63.0304
58,63.0304
58,63.0304
80,63.0304
106,63.0304
104,63.0304
93,63.0304
85,63.0304
75,63.0304
71,63.0304
75,63.0304
78,63.0304
75,63.0304
71,63.0304
68,63.0304
65,63.0304
63,67.2553
61,67.2553
60,67.2553
60,67.2553
58,67.2553
59,67.2553
84,67.2553
108,67.2553
104,67.2553
95,67.2553
87,67.2553
77,67.2553
72,67.2553
76,67.2553
79,67.2553
76,67.2553
72,67.2553
69,67.2553
66,79.1237
63,79.1237
61,79.1237
60,79.1237
60,79.1237
59,79.1237
59,79.1237
83,79.1237
107,79.1237
105,79.1237
95,79.1237
87,79.1237
77,79.1237
72,79.1237
76,79.1237
78,56.2777
76,56.2777
72,56.2777
68,56.2777
65,56.2777
63,56.2777
61,56.2777
61,56.2777
59,56.2777
60,56.2777
87,56.2777
108,56.2777
103,56.2777
93,56.2777
85,56.2777
74,56.2777
71,56.2777
77,56.2777
79,56.2777
76,56.2777
72,56.2777
68,56.2777
65,62.6749
64,62.6749
63,62.6749
84,62.6749
108,62.6749
107,62.6749
97,62.6749
89,62.6749
78,62.6749
73,62.6749
77,62.6749
79,62.6749
76,62.6749
72,62.6749
69,62.6749
66,62.6749
64,62.6749
62,62.6749
61,62.6749
60,60.1092
59,60.1092
58,60.1092
57,60.1092
56,60.1092
76,60.1092
108,60.1092
109,60.1092
99,60.1092
90,60.1092
81,60.1092
74,60.1092
75,60.1092
79,60.1092
78,60.1092
74,60.1092
70,60.1092
67,60.1092
65,60.1092
63,60.1092
61,75.1235
60,75.1235
60,75.1235
58,75.1235
67,75.1235
99,75.1235
109,75.1235
100,75.1235
91,75.1235
82,75.1235
73,75.1235
73,75.1235
78,75.1235
77,75.1235
74,75.1235
70,75.1235
67,53.0724
64,53.0724
62,53.0724
61,53.0724
60,53.0724
59,53.0724
58,53.0724
57,53.0724
65,53.0724
99,53.0724
108,53.0724
98,53.0724
88,53.0724
79,53.0724
70,53.0724
72,53.0724
78,53.0724
77,53.0724
74,53.0724
71,53.0724
68,53.0724
65,53.0724
63,73.0763
61,73.0763
68,73.0763
100,73.0763
110,73.0763
101,73.0763
92,73.0763
82,73.0763
73,73.0763
74,73.0763
78,73.0763
78,73.0763
73,73.0763
70,73.0763
66,73.0763
64,73.0763
62,73.0763
61,52.6661
59,52.6661
58,52.6661
58,52.6661
57,52.6661
56,52.6661
55,52.6661
56,52.6661
83,52.6661
109,52.6661
105,52.6661
94,52.6661
85,52.6661
76,52.6661
71,52.6661
75,52.6661
78,52.6661
77,52.6661
73,52.6661
70,52.6661
67,52.6661
65,52.6661
63,52.6661
61,59.9418
67,59.9418
97,59.9418
109,59.9418
100,59.9418
91,59.9418
82,59.9418
73,59.9418
73,59.9418
78,59.9418
77,59.9418
73,59.9418
70,59.9418
67,59.9418
64,59.9418
62,59.9418
61,59.9418
59,59.9418
58,59.9418
57,59.9418
56,60.0869
56,60.0869
55,60.0869
54,60.0869
74,60.0869
106,60.0869
107,60.0869
96,60.0869
87,60.0869
79,60.0869
72,60.0869
74,60.0869
78,60.0869
76,60.0869
73,60.0869
69,60.0869
66,60.0869
64,60.0869
62,60.0869
60,60.0869
59,71.1648
59,71.1648
58,71.1648
57,71.1648
70,71.1648
101,71.1648
106,71.1648
97,71.1648
88,71.1648
79,71.1648
72,71.1648
73,71.1648
77,71.1648
76,71.1648
73,71.1648
69,71.1648
66,54.5761
63,54.5761
62,54.5761
60,54.5761
59,54.5761
58,54.5761
58,54.5761
57,54.5761
70,54.5761
100,54.5761
106,54.5761
95,54.5761
86,54.5761
77,54.5761
71,54.5761
73,54.5761
78,54.5761
77,54.5761
73,54.5761
69,54.5761
66,54.5761
64,54.5761
62,59.1257
61,59.1257
60,59.1257
76,59.1257
104,59.1257
106,59.1257
97,59.1257
88,59.1257
78,59.1257
72,59.1257
75,59.1257
79,59.1257
77,59.1257
73,59.1257
69,59.1257
66,59.1257
63,59.1257
62,59.1257
61,59.1257
60,59.1257
59,59.1257
58,56.8346
57,56.8346
56,56.8346
56,56.8346
78,56.8346
106,56.8346
104,56.8346
92,56.8346
83,56.8346
73,56.8346
70,56.8346
75,56.8346
78,56.8346
75,56.8346
71,56.8346
68,56.8346
65,56.8346
63,56.8346
61,56.8346
60,56.8346
59,56.8346
58,57.5787
58,57.5787
56,57.5787
68,57.5787
101,57.5787
109,57.5787
99,57.5787
91,57.5787
83,57.5787
74,57.5787
74,57.5787
78,57.5787
78,57.5787
74,57.5787
70,57.5787
67,57.5787
64,57.5787
63,57.5787
61,57.5787
60,57.5787
59,57.5787
58,58.8215
57,58.8215
56,58.8215
64,58.8215
97,58.8215
109,58.8215
100,58.8215
90,58.8215
83,58.8215
74,58.8215
73,58.8215
77,58.8215
77,58.8215
74,58.8215
70,58.8215
67,58.8215
64,58.8215
62,58.8215
60,58.8215
59,58.8215
58,59.8681
58,59.8681
57,59.8681
55,59.8681
66,59.8681
98,59.8681
106,59.8681
97,59.8681
87,59.8681
79,59.8681
71,59.8681
71,59.8681
75,59.8681
76,59.8681
72,59.8681
68,59.8681
65,59.8681
63,59.8681
61,59.8681
60,59.8681
58,70.5565
57,70.5565
57,70.5565
56,70.5565
57,70.5565
84,70.5565
105,70.5565
100,70.5565
89,70.5565
81,70.5565
72,70.5565
69,70.5565
73,70.5565
75,70.5565
73,70.5565
69,70.5565
66,70.5565
63,53.2957
61,53.2957
59,53.2957
58,53.2957
57,53.2957
57,53.2957
56,53.2957
56,53.2957
81,53.2957
104,53.2957
100,53.2957
88,53.2957
80,53.2957
71,53.2957
68,53.2957
72,53.2957
75,53.2957
73,53.2957
69,53.2957
66,53.2957
63,53.2957
61,53.2957
60,53.2957
58,60.6336
59,60.6336
84,60.6336
106,60.6336
102,60.6336
91,60.6336
83,60.6336
74,60.6336
70,60.6336
74,60.6336
76,60.6336
74,60.6336
70,60.6336
66,60.6336
64,60.6336
61,60.6336
60,60.6336
58,60.6336
57,60.6336
56,59.892
55,59.892
55,59.892
54,59.892
53,59.892
68,59.892
101,59.892
106,59.892
95,59.892
86,59.892
78,59.892
71,59.892
71,59.892
75,59.892
75,59.892
71,59.892
68,59.892
64,59.892
62,59.892
60,59.892
59,59.892
58,57.3864
57,57.3864
56,57.3864
55,57.3864
72,57.3864
101,57.3864
104,57.3864
93,57.3864
84,57.3864
76,57.3864
