  10.04100
  10.02911
  10.01730
  10.00521
   9.99247
   9.97987
   9.97008
   9.96251
   9.95266
   9.94006
   9.92749
   9.91564
   9.90387
   9.89155
   9.87869
   9.86785
   9.86015
   9.85135
   9.83922
   9.82649
   9.81452
   9.80256
   9.79045
   9.77856
   9.76642
   9.75356
   9.74223
   9.73429
   9.72591
   9.71407
   9.70137
   9.68946
   9.67700
   9.66460
   9.65526
   9.64771
   9.63755
   9.62468
   9.61146
   9.60040
   9.59266
   9.58398
   9.57165
   9.56020
   9.55220
   9.54486
   9.53674
   9.52852
   9.52054
   9.51271
   9.50452
   9.49565
   9.48842
   9.48459
   9.48001
   9.47185
   9.46409
   9.45972
   9.45824
   9.45843
   9.45869
   9.45861
   9.45867
   9.45864
   9.45820
   9.45863
   9.46150
   9.46722
   9.47525
   9.48334
   9.49098
   9.50088
   9.51329
   9.52544
   9.53737
   9.55134
   9.56832
   9.58817
   9.60842
   9.62737
   9.64938
   9.67721
   9.70628
   9.73409
   9.76344
   9.79575
   9.83031
   9.86682
   9.90540
   9.94639
   9.98989
  10.03411
  10.07778
  10.12421
  10.17579
  10.23004
  10.28561
  10.34409
  10.40481
  10.46453
  10.52476
  10.59015
  10.65991
  10.73099
  10.80417
  10.88052
  10.95705
  11.03248
  11.11178
  11.19661
  11.28193
  11.36617
  11.45218
  11.54103
  11.63226
  11.72555
  11.82079
  11.91822
  12.01793
  12.11877
  12.21960
  12.32002
  12.42046
  12.52255
  12.62715
  12.73408
  12.84267
  12.95184
  13.06045
  13.16794
  13.27703
  13.38980
  13.50182
  13.61031
  13.71979
  13.83253
  13.94559
  14.05799
  14.17112
  14.28369
  14.39292
  14.50157
  14.61386
  14.72643
  14.83522
  14.94281
  15.05166
  15.16042
  15.26851
  15.37729
  15.48632
  15.59317
  15.69710
  15.79874
  15.89902
  15.99896
  16.09940
  16.20054
  16.30048
  16.39757
  16.49186
  16.58434
  16.67706
  16.76992
  16.86057
  16.94833
  17.03387
  17.11796
  17.20153
  17.28603
  17.37172
  17.45424
  17.53108
  17.60617
  17.68252
  17.76021
  17.83702
  17.90884
  17.97629
  18.04320
  18.11156
  18.18149
  18.24821
  18.30844
  18.36929
  18.43481
  18.49715
  18.55283
  18.60757
  18.66432
  18.72212
  18.77785
  18.82777
  18.87560
  18.92712
  18.97981
  19.02954
  19.07593
  19.12002
  19.16425
  19.20889
  19.25079
  19.29018
  19.33074
  19.37125
  19.40775
  19.44373
  19.48428
  19.52414
  19.55756
  19.58823
  19.61992
  19.65208
  19.68430
  19.71712
  19.74962
  19.77942
  19.80689
  19.83428
  19.86263
  19.89189
  19.91960
  19.94379
  19.96677
  19.99076
  20.01583
  20.04056
  20.06199
  20.08134
  20.10386
  20.12870
  20.15111
  20.16970
  20.18538
  20.20224
  20.22302
  20.24271
  20.25846
  20.27550
  20.29584
  20.31522
  20.33114
  20.34359
  20.35517
  20.36968
  20.38670
  20.40382
  20.41894
  20.43106
  20.44252
  20.45499
  20.46725
  20.47894
  20.49133
  20.50341
  20.51216
  20.51989
  20.53163
  20.54425
  20.55265
  20.56072
  20.57261
  20.58420
  20.59239
  20.59973
  20.60786
  20.61612
  20.62417
  20.63219
  20.64029
  20.64844
  20.65647
  20.66431
  20.67268
  20.68160
  20.68802
  20.69122
  20.69649
  20.70515
  20.71183
  20.71511
  20.71792
  20.72262
  20.73050
  20.73859
  20.74317
  20.74628
  20.75057
  20.75487
  20.75842
  20.76279
  20.76757
  20.76939
  20.76887
  20.77045
  20.77491
  20.78030
  20.78391
  20.78389
  20.78417
  20.78806
  20.79145
  20.79148
  20.79092
  20.79110
  20.79057
  20.79035
  20.79366
  20.79839
  20.79966
  20.79901
  20.79958
  20.79876
  20.79430
  20.79044
  20.79019
  20.79151
  20.79187
  20.78908
  20.78483
  20.78391
  20.78432
  20.78070
  20.77614
  20.77569
  20.77589
  20.77269
  20.76788
  20.76347
  20.75958
  20.75589
  20.75178
  20.74740
  20.74346
  20.73976
  20.73558
  20.73121
  20.72721
  20.72369
  20.72008
  20.71432
  20.70626
  20.70017
  20.69648
  20.69000
  20.68130
  20.67609
  20.67289
  20.66635
  20.65740
  20.64907
  20.64123
  20.63317
  20.62505
  20.61701
  20.60881
  20.60063
  20.59315
  20.58521
  20.57424
  20.56203
  20.55251
  20.54528
  20.53813
  20.52891
  20.51670
  20.50401
  20.49234
  20.48005
  20.46770
  20.45894
  20.45148
  20.43810
  20.42090
  20.40688
  20.39544
  20.38354
  20.37182
  20.36074
  20.34723
  20.33056
  20.31570
  20.30381
  20.29037
  20.27432
  20.25793
  20.24186
  20.22573
  20.20956
  20.19345
  20.17722
  20.16087
  20.14513
  20.12956
  20.11127
  20.09075
  20.07304
  20.05747
  20.03864
  20.01825
  20.00141
  19.98554
  19.96631
  19.94573
  19.92589
  19.90403
  19.87935
  19.85626
  19.83655
  19.81777
  19.79778
  19.77515
  19.75034
  19.72504
  19.70159
  19.68148
  19.66155
  19.63843
  19.61175
  19.58317
  19.55699
  19.53337
  19.50701
  19.47841
  19.45289
  19.42916
  19.40261
  19.37369
  19.34469
  19.31673
  19.28951
  19.25971
  19.22678
  19.19618
  19.16881
  19.13907
  19.10616
  19.07354
  19.04208
  19.01082
  18.97770
  18.94141
  18.90582
  18.87369
  18.84090
  18.80486
  18.76791
  18.73179
  18.69663
  18.66060
  18.62085
  18.58017
  18.54349
  18.50762
  18.46787
  18.42688
  18.38712
  18.34524
  18.30044
  18.25812
  18.21894
  18.17700
  18.13164
  18.08669
  18.04283
  17.99888
  17.95456
  17.91014
  17.86634
  17.82297
  17.77693
  17.72786
  17.68108
  17.63749
  17.59198
  17.54350
  17.49469
  17.44635
  17.39822
  17.35043
  17.30278
  17.25312
  17.20060
  17.14903
  17.10055
  17.05286
  17.00482
  16.95717
  16.90872
  16.85707
  16.80457
  16.75547
  16.70826
  16.66003
  16.61130
  16.56291
  16.51424
  16.46574
  16.42013
  16.37656
  16.32985
  16.28077
  16.23468
  16.19129
  16.14744
  16.10308
  16.05902
  16.01467
  15.96995
  15.92714
  15.88690
  15.84653
  15.80578
  15.76767
  15.73208
  15.69637
  15.66013
  15.62405
  15.58793
  15.55153
  15.51594
  15.48257
  15.45288
  15.42563
  15.39507
  15.36181
  15.33408
  15.31091
  15.28437
  15.25575
  15.23045
  15.20687
  15.18212
  15.15876
  15.13877
  15.11906
  15.09856
  15.08081
  15.06529
  15.04646
  15.02537
  15.00791
  14.99306
  14.97685
  14.96087
  14.94778
  14.93625
  14.92452
  14.91236
  14.89992
  14.88768
  14.87584
  14.86428
  14.85242
  14.83960
  14.82740
  14.81811
  14.81091
  14.80377
  14.79426
  14.78192
  14.77129
  14.76377
  14.75420
  14.74180
  14.73132
  14.72380
  14.71703
  14.70838
  14.69603
  14.68383
  14.67565
  14.66745
  14.65579
  14.64335
  14.63173
  14.61919
  14.60642
  14.59695
  14.58938
  14.57893
  14.56648
  14.55514
  14.54271
  14.52667
  14.51058
  14.49767
  14.48674
  14.47546
  14.46089
  14.44413
  14.43053
  14.41929
  14.40518
  14.38812
  14.37077
  14.35569
  14.34400
  14.33168
  14.31577
  14.29882
  14.28269
  14.26673
  14.25055
  14.23430
  14.21815
  14.20222
  14.18595
  14.16894
  14.15364
  14.14191
  14.12964
  14.11371
  14.09677
  14.08066
  14.06462
  14.04840
  14.03254
  14.01699
  14.00124
  13.98489
  13.96799
  13.95257
  13.94014
  13.92764
  13.91245
  13.89553
  13.87887
  13.86519
  13.85337
  13.83836
  13.82169
  13.80900
  13.79749
  13.78163
  13.76552
  13.75385
  13.74141
  13.72474
  13.70979
  13.69860
  13.68505
  13.66825
  13.65355
  13.64179
  13.63037
  13.61831
  13.60567
  13.59357
  13.58247
  13.56928
  13.55271
  13.53754
  13.52590
  13.51445
  13.50187
  13.48958
  13.47785
  13.46614
  13.45422
  13.44204
  13.42946
  13.41683
  13.40633
  13.39857
  13.38971
  13.37781
  13.36497
  13.35258
  13.34086
  13.32903
  13.31604
  13.30399
  13.29553
  13.28758
  13.27650
  13.26350
  13.25092
  13.24123
  13.23380
  13.22340
  13.21032
  13.20065
  13.19319
  13.18214
  13.16997
  13.16166
  13.15350
  13.14143
  13.13021
  13.12270
  13.11321
  13.10013
  13.08967
  13.08228
  13.07209
  13.05965
  13.04983
  13.04261
  13.03556
  13.02643
  13.01438
  13.00305
  12.99487
  12.98734
  12.97910
  12.97144
  12.96361
  12.95277
  12.94052
  12.93108
  12.92366
  12.91560
  12.90758
  12.90028
  12.89075
  12.87793
  12.86660
  12.85876
  12.85111
  12.84281
  12.83575
  12.82822
  12.81666
  12.80393
  12.79476
  12.78756
  12.77962
  12.77133
  12.76329
  12.75514
  12.74694
  12.73943
  12.73156
  12.72068
  12.70844
  12.69897
  12.69159
  12.68376
  12.67548
  12.66735
  12.65934
  12.65129
  12.64312
  12.63497
  12.62728
  12.61982
  12.61180
  12.60367
  12.59638
  12.58781
  12.57557
  12.56328
  12.55465
  12.54743
  12.53941
  12.53105
  12.52293
  12.51523
  12.50775
  12.49992
  12.49176
  12.48369
  12.47560
  12.46731
  12.45948
  12.45214
  12.44263
  12.42998
  12.41811
  12.40977
  12.40506
  12.40171
  12.39559
  12.38688
  12.37842
  12.37054
  12.36253
  12.35440
  12.34631
  12.33824
  12.33016
  12.32209
  12.31403
  12.30587
  12.29777
  12.29005
  12.28257
  12.27488
  12.26657
  12.25772
  12.25057
  12.24646
  12.24163
  12.23364
  12.22490
  12.21689
  12.20889
  12.20075
  12.19305
  12.18557
  12.17769
  12.16950
  12.16139
  12.15334
  12.14527
  12.13718
  12.12910
  12.12102
  12.11294
  12.10486
  12.09679
  12.08871
  12.08063
  12.07255
  12.06447
  12.05639
  12.04831
  12.04023
  12.03215
  12.02408
  12.01599
  12.00791
  11.99985
  11.99178
  11.98360
  11.97554
  11.96793
  11.96042
  11.95252
  11.94426
  11.93595
  11.92833
  11.92090
  11.91064
  11.89771
  11.88694
  11.87935
  11.87220
  11.86453
  11.85659
  11.84842
  11.84010
  11.83233
  11.82503
  11.81532
  11.80247
  11.79124
  11.78343
  11.77597
  11.76774
  11.75973
  11.75234
  11.74532
  11.73651
  11.72413
  11.71199
  11.70351
  11.69615
  11.68794
  11.68015
  11.67247
  11.66204
  11.64972
  11.63969
  11.63227
  11.62528
  11.61646
  11.60458
  11.59299
  11.58457
  11.57711
  11.56889
  11.56113
  11.55344
  11.54299
  11.53068
  11.52064
  11.51324
  11.50633
  11.49743
  11.48508
  11.47289
  11.46421
  11.45733
  11.44981
  11.43959
  11.42730
  11.41687
  11.40922
  11.40227
  11.39384
  11.38235
  11.37039
  11.36133
  11.35428
  11.34703
  11.33716
  11.32473
  11.31456
  11.30714
  11.29682
  11.28379
  11.27344
  11.26617
  11.25922
  11.25035
  11.23851
  11.22685
  11.21822
  11.21128
  11.20380
  11.19340
  11.18097
  11.17142
  11.16393
  11.15294
  11.14000
  11.13023
  11.12319
  11.11615
  11.10673
  11.09440
  11.08367
  11.07617
  11.06655
  11.05402
  11.04439
  11.03695
  11.02561
  11.01277
  11.00462
  10.99725
  10.98500
  10.97282
  10.96504
  10.95622
  10.94377
  10.93345
  10.92611
  10.91546
  10.90237
  10.89353
  10.88653
  10.87489
  10.86223
  10.85400
  10.84576
  10.83361
  10.82250
  10.81488
  10.80576
  10.79310
  10.77966
  10.76793
  10.75949
  10.75159
  10.74004
  10.72818
  10.72026
  10.71165
  10.69880
  10.68752
  10.68051
  10.67184
  10.65912
  10.64557
  10.63387
  10.62553
  10.61759
  10.60564
  10.59315
  10.58475
  10.57680
  10.56548
  10.55242
  10.54003
  10.53047
  10.52288
  10.51295
  10.50003
  10.48676
  10.47544
  10.46737
  10.45911
  10.44719
  10.43572
  10.42788
  10.41921
  10.40688
  10.39339
  10.38132
  10.37245
  10.36478
  10.35378
  10.34157
  10.33294
  10.32507
  10.31360
  10.30017
  10.28756
  10.27755
  10.26985
  10.26076
  10.24874
  10.23538
  10.22300
  10.21401
  10.20630
  10.19591
  10.18305
  10.16975
  10.15869
  10.15083
  10.14222
  10.13047
  10.11742
  10.10534
  10.09626
  10.08859
  10.07812
  10.06496
  10.05170
  10.04100
