   0.00004
   0.00001
  -0.00000
  -0.00000
   0.00000
   0.00000
  -0.00000
  -0.00000
   0.00000
   0.00000
  -0.00001
  -0.00004
  -0.00006
  -0.00008
  -0.00010
  -0.00013
  -0.00017
  -0.00022
  -0.00026
  -0.00030
  -0.00035
  -0.00040
  -0.00047
  -0.00053
  -0.00060
  -0.00069
  -0.00078
  -0.00084
  -0.00091
  -0.00102
  -0.00114
  -0.00124
  -0.00135
  -0.00147
  -0.00157
  -0.00168
  -0.00182
  -0.00198
  -0.00212
  -0.00225
  -0.00237
  -0.00251
  -0.00267
  -0.00282
  -0.00295
  -0.00308
  -0.00321
  -0.00334
  -0.00348
  -0.00360
  -0.00370
  -0.00379
  -0.00388
  -0.00395
  -0.00401
  -0.00403
  -0.00404
  -0.00402
  -0.00398
  -0.00391
  -0.00381
  -0.00367
  -0.00350
  -0.00329
  -0.00304
  -0.00273
  -0.00238
  -0.00197
  -0.00151
  -0.00097
  -0.00037
   0.00031
   0.00106
   0.00188
   0.00277
   0.00372
   0.00476
   0.00595
   0.00729
   0.00878
   0.01040
   0.01214
   0.01402
   0.01602
   0.01816
   0.02045
   0.02291
   0.02553
   0.02831
   0.03123
   0.03430
   0.03755
   0.04097
   0.04457
   0.04832
   0.05226
   0.05640
   0.06070
   0.06517
   0.06981
   0.07463
   0.07963
   0.08481
   0.09017
   0.09569
   0.10139
   0.10724
   0.11327
   0.11946
   0.12582
   0.13232
   0.13897
   0.14574
   0.15264
   0.15967
   0.16683
   0.17414
   0.18156
   0.18904
   0.19661
   0.20428
   0.21204
   0.21986
   0.22774
   0.23567
   0.24363
   0.25161
   0.25963
   0.26769
   0.27574
   0.28379
   0.29182
   0.29982
   0.30779
   0.31572
   0.32359
   0.33140
   0.33916
   0.34684
   0.35444
   0.36193
   0.36932
   0.37663
   0.38384
   0.39090
   0.39783
   0.40461
   0.41126
   0.41778
   0.42417
   0.43040
   0.43646
   0.44234
   0.44806
   0.45363
   0.45907
   0.46432
   0.46939
   0.47427
   0.47899
   0.48356
   0.48795
   0.49215
   0.49616
   0.50000
   0.50369
   0.50723
   0.51060
   0.51379
   0.51680
   0.51965
   0.52236
   0.52494
   0.52738
   0.52963
   0.53173
   0.53370
   0.53557
   0.53733
   0.53897
   0.54045
   0.54180
   0.54305
   0.54423
   0.54532
   0.54628
   0.54715
   0.54795
   0.54867
   0.54930
   0.54985
   0.55031
   0.55074
   0.55112
   0.55144
   0.55170
   0.55188
   0.55203
   0.55215
   0.55225
   0.55230
   0.55229
   0.55223
   0.55220
   0.55215
   0.55204
   0.55190
   0.55177
   0.55162
   0.55143
   0.55123
   0.55106
   0.55089
   0.55070
   0.55047
   0.55022
   0.54999
   0.54977
   0.54953
   0.54929
   0.54907
   0.54885
   0.54861
   0.54837
   0.54812
   0.54788
   0.54764
   0.54739
   0.54715
   0.54693
   0.54672
   0.54648
   0.54624
   0.54601
   0.54579
   0.54555
   0.54530
   0.54505
   0.54482
   0.54461
   0.54438
   0.54414
   0.54389
   0.54365
   0.54341
   0.54317
   0.54291
   0.54265
   0.54241
   0.54216
   0.54189
   0.54163
   0.54140
   0.54116
   0.54088
   0.54060
   0.54031
   0.54002
   0.53974
   0.53946
   0.53918
   0.53889
   0.53861
   0.53832
   0.53802
   0.53772
   0.53742
   0.53714
   0.53683
   0.53649
   0.53615
   0.53582
   0.53552
   0.53521
   0.53488
   0.53454
   0.53422
   0.53390
   0.53357
   0.53322
   0.53287
   0.53253
   0.53220
   0.53186
   0.53151
   0.53113
   0.53075
   0.53041
   0.53005
   0.52967
   0.52930
   0.52893
   0.52855
   0.52816
   0.52776
   0.52736
   0.52697
   0.52657
   0.52615
   0.52573
   0.52533
   0.52490
   0.52443
   0.52396
   0.52350
   0.52305
   0.52258
   0.52210
   0.52161
   0.52112
   0.52061
   0.52008
   0.51955
   0.51904
   0.51851
   0.51793
   0.51735
   0.51676
   0.51615
   0.51553
   0.51490
   0.51426
   0.51362
   0.51295
   0.51225
   0.51154
   0.51084
   0.51013
   0.50939
   0.50863
   0.50786
   0.50708
   0.50629
   0.50547
   0.50463
   0.50378
   0.50293
   0.50206
   0.50116
   0.50025
   0.49931
   0.49835
   0.49741
   0.49647
   0.49550
   0.49449
   0.49346
   0.49241
   0.49137
   0.49031
   0.48924
   0.48816
   0.48707
   0.48597
   0.48485
   0.48371
   0.48254
   0.48137
   0.48021
   0.47901
   0.47779
   0.47659
   0.47538
   0.47414
   0.47287
   0.47160
   0.47032
   0.46905
   0.46777
   0.46648
   0.46516
   0.46380
   0.46246
   0.46113
   0.45977
   0.45840
   0.45704
   0.45567
   0.45428
   0.45286
   0.45144
   0.45000
   0.44857
   0.44713
   0.44568
   0.44422
   0.44274
   0.44128
   0.43980
   0.43829
   0.43677
   0.43526
   0.43373
   0.43217
   0.43060
   0.42903
   0.42748
   0.42592
   0.42434
   0.42273
   0.42110
   0.41947
   0.41785
   0.41621
   0.41455
   0.41287
   0.41119
   0.40948
   0.40773
   0.40599
   0.40427
   0.40250
   0.40071
   0.39891
   0.39712
   0.39529
   0.39345
   0.39159
   0.38971
   0.38780
   0.38587
   0.38391
   0.38195
   0.37997
   0.37795
   0.37590
   0.37382
   0.37173
   0.36961
   0.36746
   0.36526
   0.36305
   0.36082
   0.35856
   0.35625
   0.35391
   0.35152
   0.34909
   0.34662
   0.34412
   0.34157
   0.33897
   0.33634
   0.33367
   0.33096
   0.32820
   0.32539
   0.32250
   0.31957
   0.31659
   0.31358
   0.31051
   0.30738
   0.30419
   0.30096
   0.29768
   0.29431
   0.29089
   0.28746
   0.28396
   0.28038
   0.27673
   0.27302
   0.26926
   0.26545
   0.26158
   0.25767
   0.25370
   0.24967
   0.24557
   0.24143
   0.23727
   0.23304
   0.22875
   0.22442
   0.22006
   0.21568
   0.21125
   0.20676
   0.20224
   0.19773
   0.19319
   0.18859
   0.18399
   0.17940
   0.17479
   0.17016
   0.16551
   0.16087
   0.15626
   0.15167
   0.14708
   0.14249
   0.13790
   0.13335
   0.12886
   0.12439
   0.11994
   0.11555
   0.11122
   0.10692
   0.10266
   0.09849
   0.09441
   0.09036
   0.08636
   0.08243
   0.07859
   0.07483
   0.07115
   0.06755
   0.06405
   0.06064
   0.05732
   0.05408
   0.05093
   0.04788
   0.04494
   0.04211
   0.03936
   0.03672
   0.03417
   0.03169
   0.02931
   0.02712
   0.02513
   0.02324
   0.02140
   0.01964
   0.01797
   0.01639
   0.01489
   0.01345
   0.01209
   0.01081
   0.00961
   0.00848
   0.00743
   0.00647
   0.00555
   0.00468
   0.00387
   0.00312
   0.00242
   0.00179
   0.00121
   0.00070
   0.00025
  -0.00016
  -0.00054
  -0.00088
  -0.00119
  -0.00146
  -0.00170
  -0.00190
  -0.00206
  -0.00220
  -0.00233
  -0.00243
  -0.00250
  -0.00252
  -0.00254
  -0.00256
  -0.00257
  -0.00255
  -0.00250
  -0.00246
  -0.00242
  -0.00237
  -0.00230
  -0.00220
  -0.00211
  -0.00203
  -0.00193
  -0.00186
  -0.00179
  -0.00172
  -0.00163
  -0.00153
  -0.00142
  -0.00132
  -0.00123
  -0.00115
  -0.00106
  -0.00097
  -0.00089
  -0.00082
  -0.00076
  -0.00069
  -0.00062
  -0.00055
  -0.00050
  -0.00046
  -0.00040
  -0.00033
  -0.00030
  -0.00028
  -0.00024
  -0.00020
  -0.00018
  -0.00015
  -0.00010
  -0.00007
  -0.00005
  -0.00003
  -0.00000
   0.00000
   0.00000
  -0.00000
   0.00000
   0.00000
  -0.00000
  -0.00000
   0.00000
   0.00000
  -0.00000
  -0.00000
   0.00000
   0.00000
  -0.00000
  -0.00000
   0.00000
  -0.00000
  -0.00000
   0.00000
   0.00000
  -0.00000
  -0.00000
   0.00000
   0.00000
  -0.00000
  -0.00000
   0.00000
   0.00000
  -0.00000
   0.00000
   0.00000
  -0.00000
  -0.00000
   0.00000
   0.00000
  -0.00000
  -0.00000
   0.00000
   0.00000
  -0.00000
  -0.00000
   0.00000
  -0.00000
  -0.00000
   0.00000
   0.00000
  -0.00000
  -0.00000
   0.00000
   0.00000
  -0.00000
  -0.00000
   0.00000
   0.00000
  -0.00000
   0.00000
   0.00000
  -0.00000
  -0.00000
   0.00000
   0.00000
  -0.00000
  -0.00000
   0.00000
   0.00000
  -0.00000
  -0.00000
   0.00000
  -0.00000
  -0.00000
   0.00000
   0.00000
  -0.00000
  -0.00000
   0.00000
   0.00000
  -0.00000
  -0.00000
   0.00000
   0.00000
  -0.00000
   0.00000
   0.00000
  -0.00000
  -0.00000
   0.00000
   0.00000
  -0.00000
  -0.00000
   0.00000
   0.00000
  -0.00000
  -0.00000
   0.00000
  -0.00000
  -0.00000
   0.00000
   0.00000
  -0.00000
  -0.00000
   0.00000
   0.00000
  -0.00000
  -0.00000
   0.00000
   0.00000
  -0.00000
   0.00000
   0.00000
  -0.00000
  -0.00000
   0.00000
   0.00000
  -0.00000
  -0.00000
   0.00000
   0.00000
  -0.00000
  -0.00000
   0.00000
  -0.00000
  -0.00000
   0.00000
   0.00000
  -0.00000
  -0.00000
   0.00000
   0.00000
  -0.00000
  -0.00000
   0.00000
   0.00000
  -0.00000
   0.00000
   0.00000
  -0.00000
  -0.00000
   0.00000
   0.00000
  -0.00000
  -0.00000
   0.00000
   0.00000
  -0.00000
  -0.00000
   0.00000
  -0.00000
  -0.00000
   0.00000
   0.00000
  -0.00000
  -0.00000
   0.00000
   0.00000
  -0.00000
  -0.00000
   0.00000
   0.00000
  -0.00000
   0.00000
   0.00000
  -0.00000
  -0.00000
   0.00000
   0.00000
  -0.00000
  -0.00000
   0.00000
   0.00000
  -0.00000
  -0.00000
   0.00000
  -0.00000
  -0.00000
   0.00000
   0.00000
  -0.00000
  -0.00000
   0.00000
   0.00000
  -0.00000
  -0.00000
   0.00000
   0.00000
  -0.00000
   0.00000
   0.00000
  -0.00000
  -0.00000
   0.00000
   0.00000
  -0.00000
  -0.00000
   0.00000
   0.00000
  -0.00000
  -0.00000
   0.00000
  -0.00000
  -0.00000
   0.00000
   0.00000
  -0.00000
  -0.00000
   0.00000
   0.00000
  -0.00000
  -0.00000
   0.00000
   0.00000
  -0.00000
   0.00000
   0.00000
  -0.00000
  -0.00000
   0.00000
   0.00000
  -0.00000
  -0.00000
   0.00000
   0.00000
  -0.00000
  -0.00000
   0.00000
  -0.00000
  -0.00000
   0.00000
   0.00000
  -0.00000
  -0.00000
   0.00000
   0.00000
  -0.00000
  -0.00000
   0.00000
   0.00000
  -0.00000
   0.00000
   0.00000
  -0.00000
  -0.00000
   0.00000
   0.00000
  -0.00000
  -0.00000
   0.00000
   0.00000
  -0.00000
  -0.00000
   0.00000
  -0.00000
  -0.00000
   0.00000
   0.00000
  -0.00000
  -0.00000
   0.00000
   0.00000
  -0.00000
  -0.00000
   0.00000
   0.00000
  -0.00000
   0.00000
   0.00000
  -0.00000
  -0.00000
   0.00000
   0.00000
  -0.00000
  -0.00000
   0.00000
   0.00000
  -0.00000
  -0.00000
   0.00000
  -0.00000
  -0.00000
   0.00000
   0.00000
  -0.00000
  -0.00000
   0.00000
   0.00000
  -0.00000
  -0.00000
   0.00000
   0.00000
  -0.00000
   0.00000
   0.00000
  -0.00000
  -0.00000
   0.00000
   0.00000
  -0.00000
  -0.00000
   0.00000
   0.00000
  -0.00000
  -0.00000
   0.00000
  -0.00000
  -0.00000
   0.00000
   0.00000
  -0.00000
  -0.00000
   0.00000
   0.00000
  -0.00000
  -0.00000
   0.00000
   0.00000
  -0.00000
   0.00000
   0.00000
  -0.00000
  -0.00000
   0.00000
   0.00000
  -0.00000
  -0.00000
   0.00000
   0.00000
  -0.00000
  -0.00000
   0.00000
  -0.00000
  -0.00000
   0.00000
   0.00000
  -0.00000
  -0.00000
   0.00000
   0.00000
  -0.00000
  -0.00000
   0.00000
   0.00000
  -0.00000
   0.00000
   0.00000
  -0.00000
  -0.00000
   0.00000
   0.00000
  -0.00000
  -0.00000
   0.00000
   0.00000
  -0.00000
  -0.00000
   0.00000
  -0.00000
  -0.00000
   0.00000
   0.00000
  -0.00000
  -0.00000
   0.00000
   0.00000
  -0.00000
  -0.00000
   0.00000
   0.00000
  -0.00000
   0.00000
   0.00000
  -0.00000
  -0.00000
   0.00000
   0.00000
  -0.00000
  -0.00000
   0.00000
   0.00000
  -0.00000
  -0.00000
   0.00000
  -0.00000
  -0.00000
   0.00000
   0.00000
  -0.00000
  -0.00000
   0.00000
   0.00000
  -0.00000
  -0.00000
   0.00000
   0.00000
  -0.00000
   0.00000
   0.00000
  -0.00000
  -0.00000
   0.00000
   0.00000
  -0.00000
  -0.00000
   0.00000
   0.00000
  -0.00000
  -0.00000
   0.00000
  -0.00000
  -0.00000
   0.00000
   0.00003
   0.00004
   0.00004
   0.00004
   0.00004
   0.00004
   0.00004
   0.00004
   0.00004
