0.00059046
0.0023618
0.0053141
0.0094473
0.014761
0.021256
0.028932
0.037789
0.047826
0.059044
0.071442
0.085022
0.099781
0.11572
0.13284
0.15114
0.17062
0.19128
0.21313
0.23615
0.26035
0.28573
0.31229
0.34003
0.36895
0.39905
0.43032
0.46278
0.49641
0.53123
0.56722
0.60439
0.64274
0.68226
0.72297
0.76485
0.80791
0.85214
0.89755
0.94414
0.99191
1.0409
1.091
1.1423
1.1947
1.2484
1.3032
1.3592
1.4164
1.4747
1.5342
1.5949
1.6568
1.7198
1.784
1.8494
1.916
1.9837
2.0526
2.1226
2.1939
2.2663
2.3399
2.4146
2.4906
2.5676
2.6459
2.7253
2.8059
2.8877
2.9706
3.0547
3.14
3.2264
3.314
3.4028
3.4927
3.5838
3.676
3.7694
3.864
3.9598
4.0567
4.1547
4.254
4.3544
4.4559
4.5586
4.6625
4.7675
4.8737
4.981
5.0895
5.1992
5.31
5.422
5.5351
5.6494
5.7648
5.8814
5.9991
6.118
6.2381
6.3593
6.4816
6.6051
6.7298
6.8556
6.9825
7.1106
7.2399
7.3702
7.5018
7.6345
7.7683
7.9032
8.0394
8.1766
8.315
8.4546
8.5952
8.7371
8.88
9.0241
9.1693
9.3157
9.4632
9.6119
9.7617
9.9126
10.065
10.218
10.372
10.528
10.684
10.842
11.001
11.161
11.322
11.484
11.647
11.812
11.977
12.144
12.312
12.481
12.651
12.822
12.995
13.168
13.343
13.518
13.695
13.873
14.052
14.232
14.414
14.596
14.779
14.964
15.15
15.337
15.525
15.714
15.904
16.095
16.287
16.481
16.675
16.871
17.068
17.266
17.465
17.665
17.866
18.068
18.272
18.476
18.682
18.888
19.096
19.305
19.515
19.726
19.938
20.151
20.365
20.581
20.797
21.014
21.233
21.453
21.673
21.895
22.118
22.342
22.567
22.793
23.021
23.249
23.478
23.709
23.94
24.173
24.406
24.641
24.877
25.114
25.351
25.59
25.83
26.071
26.314
26.557
26.801
27.046
27.293
27.54
27.788
28.038
28.289
28.54
28.793
29.046
29.301
29.557
29.814
30.072
30.33
30.59
30.851
31.113
31.376
31.64
31.905
32.172
32.439
32.707
32.976
33.246
33.518
33.79
34.063
34.338
34.613
34.889
35.167
35.445
35.724
36.005
36.286
36.569
36.852
37.137
37.422
37.708
37.996
38.284
38.574
38.864
39.156
39.448
39.742
40.036
40.331
40.628
40.925
41.224
41.523
41.823
42.125
42.427
42.73
43.035
43.34
43.646
43.954
44.262
44.571
44.881
45.192
45.504
45.817
46.131
46.446
46.762
47.079
47.397
47.716
48.035
48.356
48.678
49
49.324
49.649
49.974
50.3
50.628
50.956
51.285
51.615
51.947
52.279
52.612
52.946
53.28
53.616
53.953
54.29
54.629
54.968
55.309
55.65
55.992
56.336
56.68
57.025
57.37
57.717
58.065
58.414
58.763
59.114
59.465
59.817
60.17
60.524
60.879
61.235
61.592
61.949
62.308
62.667
63.027
63.388
63.75
64.113
64.477
64.842
65.207
65.574
65.941
66.309
66.678
67.048
67.419
67.79
68.163
68.536
68.91
69.285
69.661
70.038
70.415
70.794
71.173
71.553
71.934
72.316
72.699
73.082
73.466
73.852
74.238
74.624
75.012
75.4
75.79
76.18
76.571
76.963
77.355
77.749
78.143
78.538
78.934
79.33
79.728
80.126
80.525
80.925
81.325
81.727
82.129
82.532
82.936
83.341
83.746
84.152
84.559
84.967
85.375
85.785
86.195
86.606
87.017
87.43
87.843
88.257
88.671
89.087
89.503
89.92
90.338
90.756
91.176
91.596
92.016
92.438
92.86
93.283
93.707
94.131
94.556
94.982
95.409
95.836
96.264
96.693
97.123
97.553
97.984
98.416
98.848
99.281
99.715
100.15
100.59
101.02
101.46
101.9
102.33
102.77
103.21
103.65
104.09
104.53
104.98
105.42
105.86
106.31
106.75
107.2
107.64
108.09
108.54
108.99
109.44
109.89
110.34
110.79
111.24
111.69
112.14
112.6
113.05
113.51
113.96
114.42
114.88
115.33
115.79
116.25
116.71
117.17
117.63
118.09
118.55
119.02
119.48
119.94
120.41
120.87
121.34
121.8
122.27
122.74
123.21
123.67
124.14
124.61
125.08
125.55
126.03
126.5
126.97
127.44
127.92
128.39
128.87
129.34
129.82
130.3
130.77
131.25
131.73
132.21
132.69
133.17
133.65
134.13
134.61
135.09
135.58
136.06
136.54
137.03
137.51
138
138.48
138.97
139.46
139.95
140.43
140.92
141.41
141.9
142.39
142.88
143.37
143.87
144.36
144.85
145.34
145.84
146.33
146.83
147.32
147.82
148.31
148.81
149.31
149.8
150.3
150.8
151.3
151.8
152.3
152.8
153.3
153.8
154.3
154.81
155.31
155.81
156.31
156.82
157.32
157.83
158.33
158.84
159.35
159.85
160.36
160.87
161.37
161.88
162.39
162.9
163.41
163.92
164.43
164.94
165.45
165.96
166.48
166.99
167.5
168.01
168.53
169.04
169.56
170.07
170.58
171.1
171.62
172.13
172.65
173.17
173.68
174.2
174.72
175.24
175.76
176.27
176.79
177.31
177.83
178.35
178.87
179.4
179.92
180.44
180.96
181.48
182.01
182.53
183.05
183.58
184.1
184.62
185.15
185.67
186.2
186.72
187.25
187.78
188.3
188.83
189.36
189.88
190.41
190.94
191.47
192
192.52
193.05
193.58
194.11
194.64
195.17
195.7
196.23
196.76
197.29
197.83
198.36
198.89
199.42
199.95
200.49
201.02
201.55
202.08
202.62
203.15
203.68
204.22
204.75
205.29
205.82
206.36
206.89
207.43
207.96
208.5
209.03
209.57
210.11
210.64
211.18
211.72
212.25
212.79
213.33
213.87
214.4
214.94
215.48
216.02
216.56
217.1
217.63
218.17
218.71
219.25
219.79
220.33
220.87
221.41
221.95
222.49
223.03
223.57
224.11
224.65
225.19
225.73
226.27
226.81
227.35
227.9
228.44
228.98
229.52
230.06
230.6
231.14
231.69
232.23
232.77
233.31
233.85
234.4
234.94
235.48
236.02
236.57
237.11
237.65
238.19
238.74
239.28
239.82
240.37
240.91
241.45
241.99
242.54
243.08
243.62
244.17
244.71
245.25
245.8
246.34
246.88
247.43
247.97
248.51
249.06
249.6
250.14
250.69
251.23
251.77
252.32
252.86
253.4
253.95
254.49
255.03
255.58
256.12
256.66
257.21
257.75
258.29
258.84
259.38
259.92
260.46
261.01
261.55
262.09
262.64
263.18
263.72
264.26
264.81
265.35
265.89
266.43
266.97
267.52
268.06
268.6
269.14
269.68
270.23
270.77
271.31
271.85
272.39
272.93
273.47
274.01
274.55
275.1
275.64
276.18
276.72
277.26
277.8
278.34
278.88
279.42
279.96
280.5
281.03
281.57
282.11
282.65
283.19
283.73
284.27
284.8
285.34
285.88
286.42
286.96
287.49
288.03
288.57
289.1
289.64
290.18
290.71
291.25
291.78
292.32
292.86
293.39
293.93
294.46
295
295.53
296.06
296.6
297.13
297.67
298.2
298.73
299.26
299.8
300.33
300.86
301.39
301.92
302.46
302.99
303.52
304.05
304.58
305.11
305.64
306.17
306.7
307.23
307.76
308.28
308.81
309.34
309.87
310.4
310.92
311.45
311.98
312.5
313.03
313.55
314.08
314.6
315.13
315.65
316.18
316.7
317.23
317.75
318.27
318.79
319.32
319.84
320.36
320.88
321.4
321.92
322.44
322.96
323.48
324
324.52
325.04
325.56
326.07
326.59
327.11
327.63
328.14
328.66
329.17
329.69
330.2
330.72
331.23
331.75
332.26
332.77
333.28
333.8
334.31
334.82
335.33
335.84
336.35
336.86
337.37
337.88
338.39
338.89
339.4
339.91
340.42
340.92
341.43
341.93
342.44
342.94
343.45
343.95
344.46
344.96
345.46
345.96
346.46
346.96
347.47
347.97
348.47
348.96
349.46
349.96
350.46
350.96
351.45
351.95
352.45
352.94
353.44
353.93
354.42
354.92
355.41
355.9
356.4
356.89
357.38
357.87
358.36
358.85
359.34
359.82
360.31
360.8
361.29
361.77
362.26
362.74
363.23
363.71
364.2
364.68
365.16
365.64
366.13
366.61
367.09
367.57
368.05
368.52
369
369.48
369.96
370.43
370.91
371.38
371.86
372.33
372.81
373.28
373.75
374.22
374.7
375.17
375.64
376.11
376.57
377.04
377.51
377.98
378.44
378.91
379.37
379.84
380.3
380.77
381.23
381.69
382.15
382.61
383.07
383.53
383.99
384.45
384.91
385.37
385.82
386.28
386.73
387.19
387.64
388.1
388.55
389
389.45
389.9
390.35
390.8
391.25
391.7
392.15
392.59
393.04
393.48
393.93
394.37
394.82
395.26
395.7
396.14
396.58
397.02
397.46
397.9
398.34
398.77
399.21
399.65
400.08
400.51
400.95
401.38
401.81
402.24
402.67
403.1
403.53
403.96
404.39
404.82
405.24
405.67
406.09
406.52
406.94
407.36
407.79
408.21
408.63
409.05
409.47
409.88
410.3
410.72
411.13
411.55
411.96
412.38
412.79
413.2
413.61
414.02
414.43
414.84
415.25
415.66
416.06
416.47
416.87
417.28
417.68
418.08
418.49
418.89
419.29
419.69
420.09
420.48
420.88
421.28
421.67
422.07
422.46
422.85
423.24
423.64
424.03
424.42
424.81
425.19
425.58
425.97
426.35
426.74
427.12
427.5
427.89
428.27
428.65
429.03
429.41
429.78
430.16
430.54
430.91
431.29
431.66
432.03
432.41
432.78
433.15
433.52
433.89
434.25
434.62
434.99
435.35
435.72
436.08
436.44
436.8
437.16
437.52
437.88
438.24
438.6
438.95
439.31
439.66
440.02
440.37
440.72
441.07
441.42
441.77
442.12
442.47
442.81
443.16
443.5
443.85
444.19
444.53
444.87
445.21
445.55
445.89
446.23
446.56
446.9
447.23
447.56
447.9
448.23
448.56
448.89
449.22
449.55
449.87
450.2
450.52
450.85
451.17
451.49
451.81
452.13
452.45
452.77
453.09
453.41
453.72
454.04
454.35
454.66
454.97
455.28
455.59
455.9
456.21
456.52
456.82
457.13
457.43
457.73
458.03
458.34
458.64
458.93
459.23
459.53
459.83
460.12
460.41
460.71
461
461.29
461.58
461.87
462.16
462.44
462.73
463.01
463.3
463.58
463.86
464.14
464.42
464.7
464.98
465.26
465.53
465.81
466.08
466.35
466.63
466.9
467.17
467.44
467.7
467.97
468.23
468.5
468.76
469.03
469.29
469.55
469.81
470.07
470.32
470.58
470.83
471.09
471.34
471.59
471.84
472.09
472.34
472.59
472.84
473.08
473.33
473.57
473.81
474.06
474.3
474.54
474.77
475.01
475.25
475.48
475.72
475.95
476.18
476.41
476.64
476.87
477.1
477.33
477.55
477.78
478
478.22
478.44
478.66
478.88
479.1
479.32
479.53
479.75
479.96
480.17
480.39
480.6
480.81
481.01
481.22
481.43
481.63
481.84
482.04
482.24
482.44
482.64
482.84
483.04
483.23
483.43
483.62
483.81
484.01
484.2
484.39
484.58
484.76
484.95
485.13
485.32
485.5
485.68
485.86
486.04
486.22
486.4
486.57
486.75
486.92
487.1
487.27
487.44
487.61
487.78
487.94
488.11
488.28
488.44
488.6
488.76
488.92
489.08
489.24
489.4
489.55
489.71
489.86
490.02
490.17
490.32
490.47
490.62
490.76
490.91
491.05
491.2
491.34
491.48
491.62
491.76
491.9
492.03
492.17
492.3
492.44
492.57
492.7
492.83
492.96
493.08
493.21
493.34
493.46
493.58
493.71
493.83
493.95
494.06
494.18
494.3
494.41
494.52
494.64
494.75
494.86
494.97
495.08
495.18
495.29
495.39
495.5
495.6
495.7
495.8
495.9
495.99
496.09
496.19
496.28
496.37
496.46
496.56
496.64
496.73
496.82
496.91
496.99
497.07
497.16
497.24
497.32
497.4
497.47
497.55
497.63
497.7
497.77
497.84
497.91
497.98
498.05
498.12
498.19
498.25
498.31
498.38
498.44
498.5
498.56
498.61
498.67
498.73
498.78
498.83
498.89
498.94
498.99
499.03
499.08
499.13
499.17
499.22
499.26
499.3
499.34
499.38
499.42
499.45
499.49
499.52
499.55
499.59
499.62
499.65
499.67
499.7
499.73
499.75
499.78
499.8
499.82
499.84
499.86
499.88
499.89
499.91
499.92
499.94
499.95
499.96
499.97
499.98
499.98
499.99
499.99
500
500
500
500
500
500
500
500
499.99
499.99
499.99
499.98
499.98
499.98
499.97
499.97
499.96
499.96
499.95
499.94
499.93
499.93
499.92
499.91
499.9
499.89
499.88
499.87
499.86
499.85
499.84
499.83
499.81
499.8
499.79
499.78
499.76
499.75
499.73
499.72
499.7
499.68
499.67
499.65
499.63
499.62
499.6
499.58
499.56
499.54
499.52
499.5
499.48
499.46
499.44
499.41
499.39
499.37
499.34
499.32
499.3
499.27
499.25
499.22
499.2
499.17
499.14
499.12
499.09
499.06
499.03
499
498.97
498.94
498.91
498.88
498.85
498.82
498.79
498.76
498.72
498.69
498.66
498.62
498.59
498.55
498.52
498.48
498.45
498.41
498.37
498.34
498.3
498.26
498.22
498.18
498.14
498.1
498.06
498.02
497.98
497.94
497.9
497.85
497.81
497.77
497.73
497.68
497.64
497.59
497.55
497.5
497.45
497.41
497.36
497.31
497.27
497.22
497.17
497.12
497.07
497.02
496.97
496.92
496.87
496.82
496.76
496.71
496.66
496.6
496.55
496.5
496.44
496.39
496.33
496.28
496.22
496.16
496.11
496.05
495.99
495.93
495.87
495.81
495.75
495.69
495.63
495.57
495.51
495.45
495.39
495.33
495.26
495.2
495.14
495.07
495.01
494.94
494.88
494.81
494.74
494.68
494.61
494.54
494.47
494.41
494.34
494.27
494.2
494.13
494.06
493.99
493.92
493.84
493.77
493.7
493.63
493.55
493.48
493.41
493.33
493.26
493.18
493.1
493.03
492.95
492.87
492.8
492.72
492.64
492.56
492.48
492.4
492.32
492.24
492.16
492.08
492
491.92
491.83
491.75
491.67
491.58
491.5
491.42
491.33
491.25
491.16
491.07
490.99
490.9
490.81
490.73
490.64
490.55
490.46
490.37
490.28
490.19
490.1
490.01
489.92
489.83
489.73
489.64
489.55
489.45
489.36
489.27
489.17
489.08
488.98
488.88
488.79
488.69
488.59
488.5
488.4
488.3
488.2
488.1
488
487.9
487.8
487.7
487.6
487.5
487.4
487.29
487.19
487.09
486.98
486.88
486.78
486.67
486.57
486.46
486.35
486.25
486.14
486.03
485.93
485.82
485.71
485.6
485.49
485.38
485.27
485.16
485.05
484.94
484.83
484.72
484.6
484.49
484.38
484.26
484.15
484.04
483.92
483.81
483.69
483.57
483.46
483.34
483.22
483.11
482.99
482.87
482.75
482.63
482.51
482.39
482.27
482.15
482.03
481.91
481.79
481.66
481.54
481.42
481.29
481.17
481.05
480.92
480.8
480.67
480.54
480.42
480.29
480.16
480.04
479.91
479.78
479.65
479.52
479.39
479.26
479.13
479
478.87
478.74
478.61
478.48
478.34
478.21
478.08
477.94
477.81
477.68
477.54
477.41
477.27
477.13
477
476.86
476.72
476.59
476.45
476.31
476.17
476.03
475.89
475.75
475.61
475.47
475.33
475.19
475.05
474.91
474.76
474.62
474.48
474.33
474.19
474.04
473.9
473.75
473.61
473.46
473.32
473.17
473.02
472.88
472.73
472.58
472.43
472.28
472.13
471.98
471.83
471.68
471.53
471.38
471.23
471.08
470.92
470.77
470.62
470.46
470.31
470.16
470
469.85
469.69
469.54
469.38
469.22
469.07
468.91
468.75
468.59
468.43
468.28
468.12
467.96
467.8
467.64
467.48
467.32
467.15
466.99
466.83
466.67
466.5
466.34
466.18
466.01
465.85
465.69
465.52
465.35
465.19
465.02
464.86
464.69
464.52
464.35
464.19
464.02
463.85
463.68
463.51
463.34
463.17
463
462.83
462.66
462.49
462.32
462.14
461.97
461.8
461.62
461.45
461.28
461.1
460.93
460.75
460.58
460.4
460.22
460.05
459.87
459.69
459.52
459.34
459.16
458.98
458.8
458.62
458.44
458.26
458.08
457.9
457.72
457.54
457.36
457.17
456.99
456.81
456.62
456.44
456.26
456.07
455.89
455.7
455.52
455.33
455.14
454.96
454.77
454.58
454.4
454.21
454.02
453.83
453.64
453.45
453.26
453.07
452.88
452.69
452.5
452.31
452.12
451.93
451.73
451.54
451.35
451.16
450.96
450.77
450.57
450.38
450.18
449.99
449.79
449.6
449.4
449.2
449.01
448.81
448.61
448.41
448.21
448.01
447.82
447.62
447.42
447.22
447.02
446.81
446.61
446.41
446.21
446.01
445.8
445.6
445.4
445.2
444.99
444.79
444.58
444.38
444.17
443.97
443.76
443.56
443.35
443.14
442.93
442.73
442.52
442.31
442.1
441.89
441.68
441.48
441.27
441.06
440.85
440.63
440.42
440.21
440
439.79
439.58
439.36
439.15
438.94
438.72
438.51
438.29
438.08
437.87
437.65
437.43
437.22
437
436.79
436.57
436.35
436.13
435.92
435.7
435.48
435.26
435.04
434.82
434.6
434.38
434.16
433.94
433.72
433.5
433.28
433.06
432.83
432.61
432.39
432.17
431.94
431.72
431.49
431.27
431.05
430.82
430.6
430.37
430.14
429.92
429.69
429.46
429.24
429.01
428.78
428.55
428.33
428.1
427.87
427.64
427.41
427.18
426.95
426.72
426.49
426.26
426.03
425.79
425.56
425.33
425.1
424.86
424.63
424.4
424.16
423.93
423.7
423.46
423.23
422.99
422.76
422.52
422.28
422.05
421.81
421.57
421.34
421.1
420.86
420.62
420.38
420.15
419.91
419.67
419.43
419.19
418.95
418.71
418.47
418.23
417.98
417.74
417.5
417.26
417.02
416.77
416.53
416.29
416.04
415.8
415.56
415.31
415.07
414.82
414.58
414.33
414.09
413.84
413.59
413.35
413.1
412.85
412.6
412.36
412.11
411.86
411.61
411.36
411.11
410.86
410.61
410.36
410.11
409.86
409.61
409.36
409.11
408.86
408.61
408.35
408.1
407.85
407.6
407.34
407.09
406.84
406.58
406.33
406.07
405.82
405.56
405.31
405.05
404.8
404.54
404.28
404.03
403.77
403.51
403.26
403
402.74
402.48
402.22
401.97
401.71
401.45
401.19
400.93
400.67
400.41
400.15
399.89
399.63
399.36
399.1
398.84
398.58
398.32
398.05
397.79
397.53
397.26
397
396.74
396.47
396.21
395.94
395.68
395.41
395.15
394.88
394.62
394.35
394.08
393.82
393.55
393.28
393.02
392.75
392.48
392.21
391.95
391.68
391.41
391.14
390.87
390.6
390.33
390.06
389.79
389.52
389.25
388.98
388.71
388.44
388.17
387.89
387.62
387.35
387.08
386.8
386.53
386.26
385.98
385.71
385.44
385.16
384.89
384.61
384.34
384.06
383.79
383.51
383.24
382.96
382.68
382.41
382.13
381.85
381.58
381.3
381.02
380.75
380.47
380.19
379.91
379.63
379.35
379.07
378.79
378.52
378.24
377.96
377.68
377.39
377.11
376.83
376.55
376.27
375.99
375.71
375.43
375.14
374.86
374.58
374.3
374.01
373.73
373.45
373.16
372.88
372.6
372.31
372.03
371.74
371.46
371.17
370.89
370.6
370.32
370.03
369.74
369.46
369.17
368.88
368.6
368.31
368.02
367.74
367.45
367.16
366.87
366.58
366.3
366.01
365.72
365.43
365.14
364.85
364.56
364.27
363.98
363.69
363.4
363.11
362.82
362.53
362.24
361.94
361.65
361.36
361.07
360.78
360.48
360.19
359.9
359.61
359.31
359.02
358.73
358.43
358.14
357.84
357.55
357.26
356.96
356.67
356.37
356.08
355.78
355.49
355.19
354.89
354.6
354.3
354.01
353.71
353.41
353.12
352.82
352.52
352.22
351.93
351.63
351.33
351.03
350.73
350.44
350.14
349.84
349.54
349.24
348.94
348.64
348.34
348.04
347.74
347.44
347.14
346.84
346.54
346.24
345.94
345.64
345.34
345.03
344.73
344.43
344.13
343.83
343.53
343.22
342.92
342.62
342.31
342.01
341.71
341.4
341.1
340.8
340.49
340.19
339.89
339.58
339.28
338.97
338.67
338.36
338.06
337.75
337.45
337.14
336.84
336.53
336.22
335.92
335.61
335.31
335
334.69
334.39
334.08
333.77
333.46
333.16
332.85
332.54
332.23
331.93
331.62
331.31
331
330.69
330.38
330.08
329.77
329.46
329.15
328.84
328.53
328.22
327.91
327.6
327.29
326.98
326.67
326.36
326.05
325.74
325.43
325.12
324.81
324.5
324.18
323.87
323.56
323.25
322.94
322.63
322.31
322
321.69
321.38
321.06
320.75
320.44
320.13
319.81
319.5
319.19
318.87
318.56
318.25
317.93
317.62
317.31
316.99
316.68
316.36
316.05
315.73
315.42
315.1
314.79
314.47
314.16
313.84
313.53
313.21
312.9
312.58
312.27
311.95
311.64
311.32
311
310.69
310.37
310.05
309.74
309.42
309.1
308.79
308.47
308.15
307.84
307.52
307.2
306.88
306.57
306.25
305.93
305.61
305.3
304.98
304.66
304.34
304.02
303.71
303.39
303.07
302.75
302.43
302.11
301.79
301.47
301.16
300.84
300.52
300.2
299.88
299.56
299.24
298.92
298.6
298.28
297.96
297.64
297.32
297
296.68
296.36
296.04
295.72
295.4
295.08
294.76
294.44
294.11
293.79
293.47
293.15
292.83
292.51
292.19
291.87
291.55
291.22
290.9
290.58
290.26
289.94
289.62
289.29
288.97
288.65
288.33
288
287.68
287.36
287.04
286.72
286.39
286.07
285.75
285.43
285.1
284.78
284.46
284.13
283.81
283.49
283.16
282.84
282.52
282.19
281.87
281.55
281.22
280.9
280.58
280.25
279.93
279.61
279.28
278.96
278.64
278.31
277.99
277.66
277.34
277.02
276.69
276.37
276.04
275.72
275.39
275.07
274.75
274.42
274.1
273.77
273.45
273.12
272.8
272.47
272.15
271.82
271.5
271.17
270.85
270.53
270.2
269.88
269.55
269.23
268.9
268.58
268.25
267.92
267.6
267.27
266.95
266.62
266.3
265.97
265.65
265.32
265
264.67
264.35
264.02
263.7
263.37
263.04
262.72
262.39
262.07
261.74
261.42
261.09
260.76
260.44
260.11
259.79
259.46
259.14
258.81
258.48
258.16
257.83
257.51
257.18
256.85
256.53
256.2
255.88
255.55
255.23
254.9
254.57
254.25
253.92
253.6
253.27
252.94
252.62
252.29
251.97
251.64
251.31
250.99
250.66
250.34
250.01
249.68
249.36
249.03
248.71
248.38
248.05
247.73
247.4
247.08
246.75
246.42
246.1
245.77
245.45
245.12
244.79
244.47
244.14
243.82
243.49
243.16
242.84
242.51
242.19
241.86
241.53
241.21
240.88
240.56
240.23
239.91
239.58
239.25
238.93
238.6
238.28
237.95
237.63
237.3
236.98
236.65
236.32
236
235.67
235.35
235.02
234.7
234.37
234.05
233.72
233.4
233.07
232.74
232.42
232.09
231.77
231.44
231.12
230.79
230.47
230.14
229.82
229.49
229.17
228.84
228.52
228.19
227.87
227.55
227.22
226.9
226.57
226.25
225.92
225.6
225.27
224.95
224.62
224.3
223.98
223.65
223.33
223
222.68
222.36
222.03
221.71
221.38
221.06
220.74
220.41
220.09
219.76
219.44
219.12
218.79
218.47
218.15
217.82
217.5
217.18
216.85
216.53
216.21
215.89
215.56
215.24
214.92
214.59
214.27
213.95
213.63
213.3
212.98
212.66
212.34
212.01
211.69
211.37
211.05
210.73
210.4
210.08
209.76
209.44
209.12
208.8
208.47
208.15
207.83
207.51
207.19
206.87
206.55
206.22
205.9
205.58
205.26
204.94
204.62
204.3
203.98
203.66
203.34
203.02
202.7
202.38
202.06
201.74
201.42
201.1
200.78
200.46
200.14
199.82
199.5
199.18
198.86
198.54
198.23
197.91
197.59
197.27
196.95
196.63
196.31
195.99
195.68
195.36
195.04
194.72
194.4
194.09
193.77
193.45
193.13
192.82
192.5
192.18
191.86
191.55
191.23
190.91
190.6
190.28
189.96
189.65
189.33
189.02
188.7
188.38
188.07
187.75
187.44
187.12
186.8
186.49
186.17
185.86
185.54
185.23
184.91
184.6
184.28
183.97
183.66
183.34
183.03
182.71
182.4
182.09
181.77
181.46
181.14
180.83
180.52
180.21
179.89
179.58
179.27
178.95
178.64
178.33
178.02
177.7
177.39
177.08
176.77
176.46
176.15
175.83
175.52
175.21
174.9
174.59
174.28
173.97
173.66
173.35
173.04
172.73
172.42
172.11
171.8
171.49
171.18
170.87
170.56
170.25
169.94
169.63
169.33
169.02
168.71
168.4
168.09
167.78
167.48
167.17
166.86
166.55
166.25
165.94
165.63
165.33
165.02
164.71
164.41
164.1
163.79
163.49
163.18
162.88
162.57
162.27
161.96
161.66
161.35
161.05
160.74
160.44
160.13
159.83
159.52
159.22
158.92
158.61
158.31
158.01
157.7
157.4
157.1
156.8
156.49
156.19
155.89
155.59
155.28
154.98
154.68
154.38
154.08
153.78
153.48
153.18
152.88
152.58
152.28
151.98
151.68
151.38
151.08
150.78
150.48
150.18
149.88
149.58
149.28
148.98
148.69
148.39
148.09
147.79
147.5
147.2
146.9
146.6
146.31
146.01
145.72
145.42
145.12
144.83
144.53
144.24
143.94
143.65
143.35
143.06
142.76
142.47
142.17
141.88
141.58
141.29
141
140.7
140.41
140.12
139.83
139.53
139.24
138.95
138.66
138.36
138.07
137.78
137.49
137.2
136.91
136.62
136.33
136.04
135.75
135.46
135.17
134.88
134.59
134.3
134.01
133.72
133.43
133.15
132.86
132.57
132.28
131.99
131.71
131.42
131.13
130.85
130.56
130.27
129.99
129.7
129.42
129.13
128.84
128.56
128.27
127.99
127.71
127.42
127.14
126.85
126.57
126.29
126
125.72
125.44
125.16
124.87
124.59
124.31
124.03
123.75
123.46
123.18
122.9
122.62
122.34
122.06
121.78
121.5
121.22
120.94
120.66
120.38
120.11
119.83
119.55
119.27
118.99
118.72
118.44
118.16
117.88
117.61
117.33
117.06
116.78
116.5
116.23
115.95
115.68
115.4
115.13
114.85
114.58
114.31
114.03
113.76
113.49
113.21
112.94
112.67
112.39
112.12
111.85
111.58
111.31
111.04
110.77
110.5
110.22
109.95
109.68
109.41
109.15
108.88
108.61
108.34
108.07
107.8
107.53
107.27
107
106.73
106.46
106.2
105.93
105.66
105.4
105.13
104.87
104.6
104.34
104.07
103.81
103.54
103.28
103.01
102.75
102.49
102.22
101.96
101.7
101.44
101.18
100.91
100.65
100.39
100.13
99.868
99.608
99.348
99.088
98.828
98.568
98.309
98.05
97.791
97.533
97.275
97.017
96.759
96.501
96.244
95.987
95.731
95.474
95.218
94.962
94.707
94.451
94.196
93.941
93.687
93.432
93.178
92.925
92.671
92.418
92.165
91.912
91.66
91.408
91.156
90.904
90.653
90.402
90.151
89.9
89.65
89.4
89.151
88.901
88.652
88.403
88.154
87.906
87.658
87.41
87.163
86.916
86.669
86.422
86.175
85.929
85.684
85.438
85.193
84.948
84.703
84.459
84.214
83.97
83.727
83.484
83.241
82.998
82.755
82.513
82.271
82.03
81.788
81.547
81.307
81.066
80.826
80.586
80.346
80.107
79.868
79.629
79.391
79.153
78.915
78.677
78.44
78.203
77.966
77.73
77.494
77.258
77.023
76.787
76.552
76.318
76.083
75.849
75.616
75.382
75.149
74.916
74.684
74.451
74.219
73.988
73.756
73.525
73.295
73.064
72.834
72.604
72.374
72.145
71.916
71.688
71.459
71.231
71.003
70.776
70.549
70.322
70.095
69.869
69.643
69.418
69.192
68.967
68.743
68.518
68.294
68.071
67.847
67.624
67.401
67.179
66.956
66.735
66.513
66.292
66.071
65.85
65.63
65.41
65.19
64.971
64.752
64.533
64.314
64.096
63.878
63.661
63.444
63.227
63.01
62.794
62.578
62.363
62.147
61.932
61.718
61.503
61.289
61.076
60.862
60.649
60.437
60.224
60.012
59.8
59.589
59.378
59.167
58.957
58.747
58.537
58.327
58.118
57.909
57.701
57.493
57.285
57.077
56.87
56.663
56.457
56.251
56.045
55.839
55.634
55.429
55.225
55.02
54.817
54.613
54.41
54.207
54.004
53.802
53.6
53.399
53.198
52.997
52.796
52.596
52.396
52.196
51.997
51.798
51.6
51.402
51.204
51.006
50.809
50.612
50.416
50.22
50.024
49.828
49.633
49.438
49.244
49.05
48.856
48.663
48.47
48.277
48.084
47.892
47.701
47.509
47.318
47.128
46.937
46.747
46.558
46.368
46.179
45.991
45.802
45.615
45.427
45.24
45.053
44.866
44.68
44.494
44.309
44.124
43.939
43.755
43.571
43.387
43.203
43.02
42.838
42.655
42.473
42.292
42.111
41.93
41.749
41.569
41.389
41.21
41.031
40.852
40.673
40.495
40.318
40.14
39.963
39.787
39.61
39.434
39.259
39.084
38.909
38.734
38.56
38.386
38.213
38.04
37.867
37.695
37.523
37.351
37.18
37.009
36.839
36.669
36.499
36.329
36.16
35.992
35.823
35.655
35.488
35.32
35.154
34.987
34.821
34.655
34.49
34.325
34.16
33.996
33.832
33.668
33.505
33.342
33.18
33.017
32.856
32.694
32.533
32.373
32.212
32.053
31.893
31.734
31.575
31.417
31.259
31.101
30.944
30.787
30.63
30.474
30.318
30.163
30.008
29.853
29.699
29.545
29.391
29.238
29.085
28.933
28.781
28.629
28.478
28.327
28.176
28.026
27.876
27.727
27.578
27.429
27.281
27.133
26.986
26.838
26.692
26.545
26.399
26.254
26.108
25.964
25.819
25.675
25.531
25.388
25.245
25.102
24.96
24.818
24.677
24.536
24.395
24.255
24.115
23.976
23.837
23.698
23.559
23.421
23.284
23.147
23.01
22.873
22.737
22.602
22.467
22.332
22.197
22.063
21.929
21.796
21.663
21.531
21.398
21.267
21.135
21.004
20.874
20.743
20.614
20.484
20.355
20.226
20.098
19.97
19.843
19.716
19.589
19.463
19.337
19.211
19.086
18.961
18.837
18.713
18.59
18.466
18.344
18.221
18.099
17.978
17.856
17.736
17.615
17.495
17.376
17.256
17.138
17.019
16.901
16.783
16.666
16.549
16.433
16.317
16.201
16.086
15.971
15.857
15.743
15.629
15.516
15.403
15.29
15.178
15.067
14.955
14.845
14.734
14.624
14.514
14.405
14.296
14.188
14.08
13.972
13.865
13.758
13.651
13.545
13.44
13.334
13.23
13.125
13.021
12.917
12.814
12.711
12.609
12.507
12.405
12.304
12.203
12.103
12.003
11.903
11.804
11.705
11.607
11.509
11.411
11.314
11.217
11.121
11.025
10.93
10.834
10.74
10.645
10.551
10.458
10.365
10.272
10.18
10.088
9.9965
9.9055
9.8148
9.7246
9.6347
9.5453
9.4563
9.3677
9.2795
9.1917
9.1043
9.0173
8.9307
8.8446
8.7588
8.6735
8.5886
8.5041
8.42
8.3363
8.253
8.1701
8.0877
8.0056
7.924
7.8428
7.762
7.6816
7.6016
7.522
7.4428
7.3641
7.2857
7.2078
7.1303
7.0532
6.9765
6.9002
6.8244
6.7489
6.6739
6.5993
6.5251
6.4513
6.3779
6.305
6.2324
6.1603
6.0886
6.0173
5.9464
5.8759
5.8058
5.7362
5.667
5.5981
5.5298
5.4618
5.3942
5.3271
5.2603
5.194
5.1281
5.0626
4.9976
4.9329
4.8687
4.8048
4.7414
4.6785
4.6159
4.5537
4.492
4.4307
4.3698
4.3093
4.2493
4.1896
4.1304
4.0716
4.0132
3.9552
3.8977
3.8405
3.7838
3.7275
3.6717
3.6162
3.5612
3.5065
3.4523
3.3986
3.3452
3.2922
3.2397
3.1876
3.1359
3.0847
3.0338
2.9834
2.9334
2.8838
2.8346
2.7859
2.7376
2.6897
2.6422
2.5951
2.5485
2.5023
2.4565
2.4111
2.3661
2.3216
2.2775
2.2338
2.1905
2.1477
2.1052
2.0632
2.0216
1.9805
1.9397
1.8994
1.8595
1.82
1.781
1.7423
1.7041
1.6663
1.629
1.592
1.5555
1.5194
1.4837
1.4485
1.4136
1.3792
1.3452
1.3117
1.2785
1.2458
1.2135
1.1817
1.1502
1.1192
1.0886
1.0584
1.0286
0.99932
0.97041
0.94192
0.91386
0.88622
0.85901
0.83222
0.80585
0.77991
0.75439
0.7293
0.70462
0.68038
0.65655
0.63315
0.61018
0.58763
0.5655
0.5438
0.52252
0.50166
0.48123
0.46122
0.44164
0.42249
0.40375
0.38544
0.36756
0.3501
0.33307
0.31645
0.30027
0.28451
0.26917
0.25426
0.23977
0.22571
0.21207
0.19886
0.18607
0.17371
0.16177
0.15026
0.13917
0.1285
0.11826
0.10845
0.09906
0.090096
0.081557
0.073443
0.065754
0.058489
0.05165
0.045236
0.039247
0.033683
0.028544
0.023831
0.019542
0.015678
0.01224
0.0092263
0.0066381
0.0044749
0.0027369
0.001424
0.0005362
7.3552e-05
0
0
0
0
0
0
0
0
0
0
0
0
0
0
0
0
0
0
0
0
0
0
0
0
0
0
0
0
0
0
0
0
0
0
0
0
0
0
0
0
0
0
0
0
0
0
0
0
0
0
0
0
0
0
0
0
0
0
0
0
0
0
0
0
0
0
0
0
0
0
0
0
0
0
0
0
0
0
0
0
0
0
0
0
0
0
0
0
0
0
0
0
0
0
0
0
0
0
0
0
0
0
0
0
0
0
0
0
0
0
0
0
0
0
0
0
0
0
0
0
0
0
0
0
0
0
0
0
0
0
0
0
0
0
0
0
0
0
0
0
0
0
0
0
0
0
0
0
0
0
0
0
0
0
0
0
0
0
0
0
0
0
0
0
0
0
0
0
0
0
0
0
0
0
0
0
0
0
0
0
0
0
0
0
0
0
0
0
0
0
0
0
0
0
0
0
0
0
0
0
0
0
0
0
0
0
0
0
0
0
0
0
0
0
0
0
0
0
0
0
0
0
0
0
0
0
0
0
0
0
0
0
0
0
0
0
0
0
0
0
0
0
0
0
0
0
0
0
0
0
0
0
0
0
0
0
0
0
0
0
0
0
0
0
0
0
0
0
0
0
0
0
0
0
0
0
0
0
0
0
0
0
0
0
0
0
0
0
0
0
0
0
0
0
0
0
0
0
0
0
0
0
0
0
0
0
0
0
0
0
0
0
0
0
0
0
0
0
0
0
0
0
0
0
0
0
0
0
0
0
0
0
0
0
0
0
0
0
0
0
0
0
0
0
0
0
0
0
0
0
0
0
0
0
0
0
0
0
0
0
0
0
0
0
0
0
0
0
0
0
0
0
0
0
0
0
0
0
0
0
0
0
0
0
0
0
0
0
0
0
0
0
0
0
0
0
0
0
0
0
0
0
0
0
0
0
0
0
0
0
0
0
0
0
0
0
0
0
0
0
0
0
0
0
0
0
0
0
0
0
0
0
0
0
0
0
0
0
0
0
0
0
0
0
0
0
0
0
0
0
0
0
0
0
0
0
0
0
0
0
0
0
0
0
0
0
0
0
0
0
0
0
0
0
0
0
0
0
0
0
0
0
0
0
0
0
0
0
0
0
0
0
0
0
0
0
0
0
0
0
0
0
0
0
0
0
0
0
0
0
0
0
0
0
0
0
0
0
0
0
0
0
0
0
0
0
0
0
0
0
0
0
0
0
0
0
0
0
0
0
0
0
0
0
0
0
0
0
0
0
0
0
0
0
0
0
0
0
0
0
0
0
0
0
0
0
0
0
0
0
0
0
0
0
0
0
0
0
0
0
0
0
0
0
0
0
0
0
0
0
0
0
0
0
0
0
0
0
0
0
0
0
0
0
0
0
0
0
0
0
0
0
0
0
0
0
0
0
0
0
0
0
0
0
0
0
0
0
0
0
0
0
0
0
0
0
0
0
0
0
0
0
0
0
0
0
0
0
0
0
0
0
0
0
0
0
0
0
0
0
0
0
0
0
0
0
0
0
0
0
0
0
0
0
0
0
0
0
0
0
0
0
0
0
0
0
0
0
0
0
0
0
0
0
0
0
0
0
0
0
0
0
0
0
0
0
0
0
0
0
0
0
0
0
0
0
0
0
0
0
0
0
0
0
0
0
0
0
0
0
0
0
0
0
0
0
0
0
0
0
0
0
0
0
0
0
0
0
0
0
0
0
0
0
0
0
0
0
0
0
0
0
0
0
0
0
0
0
0
0
0
0
0
0
0
0
0
0
0
0
0
0
0
0
0
0
0
0
0
0
0
0
0
0
0
0
0
0
0
0
0
0
0
0
0
0
0
0
0
0
0
0
0
0
0
0
0
0
0
0
0
0
0
0
0
0
0
0
0
0
0
0
0
0
0
0
0
0
0
0
0
0
0
0
0
0
0
0
0
0
0
0
0
0
0
0
0
0
0
0
0
0
0
0
0
0
0
0
0
0
0
0
0
0
0
0
0
0
0
0
0
0
0
0
0
0
0
0
0
0
0
0
0
0
0
0
0
0
0
0
0
0
0
0
0
0
0
0
0
0
0
0
0
0
0
0
0
0
0
0
0
0
0
0
0
0
0
0
0
0
0
0
0
0
0
0
0
0
0
0
0
0
0
0
0
0
0
0
0
0
0
0
0
0
0
0
0
0
0
0
0
0
0
0
0
0
0
0
0
0
0
0
0
0
0
0
0
0
0
0
0
0
0
0
0
0
0
0
0
0
0
0
0
0
0
0
0
0
0
0
0
0
0
0
0
0
0
0
0
0
0
0
0
0
0
0
0
0
0
0
0
0
0
0
0
0
0
0
0
0
0
0
0
0
0
0
0
0
0
0
0
0
0
0
0
0
0
0
0
0
0
0
0
0
0
0
0
0
0
0
0
0
0
0
0
0
0
0
0
0
0
0
0
0
0
0
0
0
0
0
0
0
0
0
0
0
0
0
0
0
0
0
0
0
0
0
0
0
0
0
0
0
0
0
0
0
0
0
0
0
0
0
0
0
0
0
0
0
0
0
0
0
0
0
0
0
0
0
0
0
0
0
0
0
0
0
0
0
0
0
0
0
0
0
0
0
0
0
0
0
0
0
0
0
0
0
0
0
0
0
0
0
0
0
0
0
0
0
0
0
0
0
0
0
0
0
0
0
0
0
0
0
0
0
0
0
0
0
0
0
0
0
0
0
0
0
0
0
0
0
0
0
0
0
0
0
0
0
0
0
0
0
0
0
0
0
0
0
0
0
0
0
0
0
0
0
0
0
0
0
0
0
0
0
0
0
0
0
0
0
0
0
0
0
0
0
0
0
0
0
0
0
0
0
0
0
0
0
0
0
0
0
0
0
0
0
0
0
0
0
0
0
0
0
0
0
0
0
0
0
0
0
0
0
0
0
0
0
0
0
0
0
0
0
0
0
0
0
0
0
0
0
0
0
0
0
0
0
0
0
0
0
0
0
0
0
0
0
0
0
0
0
0
0
0
0
0
0
0
0
0
0
0
0
0
0
0
0
0
0
0
0
0
0
0
0
0
0
0
0
0
0
0
0
0
0
0
0
0
0
0
0
0
0
0
0
0
0
0
0
0
0
0
0
0
0
0
0
0
0
0
0
0
0
0
0
0
0
0
0
0
0
0
0
0
0
0
0
0
0
0
0
0
0
0
0
0
0
0
0
0
0
0
0
0
0
0
0
0
0
0
0
0
0
0
0
0
0
0
0
0
0
0
0
0
0
0
0
0
0
0
0
0
0
0
0
0
0
0
0
0
0
0
0
0
0
0
0
0
0
0
0
0
0
0
0
0
0
0
0
0
0
0
0
0
0
0
0
0
0
0
0
0
0
0
0
0
0
0
0
0
0
0
0
0
0
0
0
0
0
0
0
0
0
0
0
0
0
0
0
0
0
0
0
0
0
0
0
0
0
0
0
0
0
0
0
0
0
0
0
0
0
0
0
0
0
0
0
0
0
0
0
0
0
0
0
0
0
0
0
0
0
0
0
0
0
0
0
0
0
0
0
0
0
0
0
0
0
0
0
0
0
0
0
0
0
0
0
0
0
0
0
0
0
0
0
0
0
0
0
0
0
0
0
0
0
0
0
0
0
0
0
0
0
0
0
0
0
0
0
0
0
0
0
0
0
0
0
0
0
0
0
0
0
0
0
0
0
0
0
0
0
0
0
0
0
0
0
0
0
0
0
0
0
0
0
0
0
0
0
0
0
0
0
0
0
0
0
0
0
0
0
0
0
0
0
0
0
0
0
0
0
0
0
0
0
0
0
0
0
0
0
0
0
0
0
0
0
0
0
0
0
0
0
0
0
0
0
0
0
0
0
0
0
0
0
0
0
0
0
0
0
0
0
0
0
0
0
0
0
0
0
0
0
0
0
0
0
0
0
0
0
0
0
0
0
0
0
0
0
0
0
0
0
0
0
0
0
0
0
0
0
0
0
0
0
0
0
0
0
0
0
0
0
0
0
0
0
0
0
0
0
0
0
0
0
0
0
0
0
0
0
0
0
0
0
0
0
0
0
0
0
0
0
0
0
0
0
0
0
0
0
0
0
0
0
0
0
0
0
0
0
0
0
0
0
0
0
0
0
0
0
0
0
0
0
0
0
0
0
0
0
0
0
0
0
0
0
0
0
0
0
0
0
0
0
0
0
0
0
0
0
0
0
0
0
0
0
0
0
0
0
0
0
0
0
0
0
0
0
0
0
0
0
0
0
0
0
0
0
0
0
0
0
0
0
0
0
0
0
0
0
0
0
0
0
0
0
0
0
0
0
0
0
0
0
0
0
0
0
0
0
0
0
0
0
0
0
0
0
0
0
0
0
0
0
0
0
0
0
0
0
0
0
0
0
0
0
0
0
0
0
0
0
0
0
0
0
0
0
0
0
0
0
0
0
0
0
0
0
0
0
0
0
0
0
0
0
0
0
0
0
0
0
0
0
0
0
0
0
0
0
0
0
0
0
0
0
0
0
0
0
0
0
0
0
0
0
0
0
0
0
0
0
0
0
0
0
0
0
0
0
0
0
0
0
0
0
0
0
0
0
0
0
0
0
0
0
0
0
0
0
0
0
0
0
0
0
0
0
0
0
0
0
0
0
0
0
0
0
0
0
0
0
0
0
0
0
0
0
0
0
0
0
0
0
0
0
0
0
0
0
0
0
0
0
0
0
0
0
0
0
0
0
0
0
0
0
0
0
0
0
0
0
0
0
0
0
0
0
0
0
0
0
0
0
0
0
0
0
0
0
0
0
0
0
0
0
0
0
0
0
0
0
0
0
0
0
0
0
0
0
0
0
0
0
0
0
0
0
0
0
0
0
0
0
0
0
0
0
0
0
0
0
0
0
0
0
0
0
0
0
0
0
0
0
0
0
0
0
0
0
0
0
0
0
0
0
0
0
0
0
0
0
0
0
0
0
0
0
0
0
0
0
0
0
0
0
0
0
0
0
0
0
0
0
0
0
0
0
0
0
0
0
0
0
0
0
0
0
0
0
0
0
0
0
0
0
0
0
0
0
0
0
0
0
0
0
0
0
0
0
0
0
0
0
0
0
0
0
0
0
0
0
0
0
0
0
0
0
0
0
0
0
0
0
0
0
0
0
0
0
0
0
0
0
0
0
0
0
0
0
0
0
0
0
0
0
0
0
0
0
0
0
0
0
0
0
0
0
0
0
0
0
0
0
0
0
0
0
0
0
0
0
0
0
0
0
0
0
0
0
0
0
0
0
0
0
0
0
0
0
0
0
0
0
0
0
0
0
0
0
0
0
0
0
0
0
0
0
0
0
0
0
0
0
0
0
0
0
0
0
0
0
0
0
0
0
0
0
0
0
0
0
0
0
0
0
0
0
0
0
0
0
0
0
0
0
0
0
0
0
0
0
0
0
0
0
0
0
0
0
0
0
0
0
0
0
0
0
0
0
0
0
0
0
0
0
0
0
0
0
0
0
0
0
0
0
0
0
0
0
0
0
0
0
0
0
0
0
0
0
0
0
0
0
0
0
0
0
0
0
0
0
0
0
0
0
0
0
0
0
0
0
0
0
0
0
0
0
0
0
0
0
0
0
0
0
0
0
0
0
0
0
0
0
0
0
0
0
0
0
0
0
0
0
0
0
0
0
0
0
0
0
0
0
0
0
0
0
0
0
0
0
0
0
0
0
0
0
0
0
0
0
0
0
0
0
0
0
0
0
0
0
0
0
0
0
0
0
0
0
0
0
0
0
0
0
0
0
0
0
0
0
0
0
0
0
0
0
0
0
0
0
0
0
0
0
0
0
0
0
0
0
0
0
0
0
0
0
0
0
0
0
0
0
0
0
0
0
0
0
0
0
0
0
0
0
0
0
0
0
0
0
0
0
0
0
0
0
0
0
0
0
0
0
0
0
0
0
0
0
0
0
0
0
0
0
0
0
0
0
0
0
0
0
0
0
0
0
0
0
0
0
0
0
0
0
0
0
0
0
0
0
0
0
0
0
0
0
0
0
0
0
0
0
0
0
0
0
0
0
0
0
0
0
0
0
0
0
0
0
0
0
0
0
0
0
0
0
0
0
0
0
0
0
0
0
0
0
0
0
0
0
0
0
0
0
0
0
0
0
0
0
0
0
0
0
0
0
0
0
0
0
0
0
0
0
0
0
0
0
0
0
0
0
0
0
0
0
0
0
0
0
0
0
0
0
0
0
0
0
0
0
0
0
0
0
0
0
0
0
0
0
0
0
0
0
0
0
0
0
0
0
0
0
0
0
0
0
0
0
0
0
0
0
0
0
0
0
0
0
0
0
0
0
0
0
0
0
0
0
0
0
0
0
0
0
0
0
0
0
0
0
0
0
0
0
0
0
0
0
0
0
0
0
0
0
0
0
0
0
0
0
0
0
0
0
0
0
0
0
0
0
0
0
0
0
0
0
0
0
0
0
0
0
0
0
0
0
0
0
0
0
0
0
0
0
0
0
0
0
0
0
0
0
0
0
0
0
0
0
0
0
0
0
0
0
0
0
0
0
0
0
0
0
0
0
0
0
0
0
0
0
0
0
0
0
0
0
0
0
0
0
0
0
0
0
0
0
0
0
0
0
0
0
0
0
0
0
0
0
0
0
0
0
0
0
0
0
0
0
0
0
0
0
0
0
0
0
0
0
0
0
0
0
0
0
0
0
0
0
0
0
0
0
0
0
0
0
0
0
0
0
0
0
0
0
0
0
0
0
0
0
0
0
0
0
0
0
0
0
0
0
0
0
0
0
0
0
0
0
0
0
0
0
0
0
0
0
0
0
0
0
0
0
0
0
0
0
0
0
0
0
0
0
0
0
0
0
0
0
0
0
0
0
0
0
0
0
0
0
0
0
0
0
0
0
0
0
0
0
0
0
0
0
0
0
0
0
0
0
0
0
0
0
0
0
0
0
0
0
0
0
0
0
0
0
0
0
0
0
0
0
0
0
0
0
0
0
0
0
0
0
0
0
0
0
0
0
0
0
0
0
0
0
0
0
0
0
0
0
0
0
0
0
0
0
0
0
0
0
0
0
0
0
0
0
0
0
0
0
0
0
0
0
0
0
0
0
0
0
0
0
0
0
0
0
0
0
0
0
0
0
0
0
0
0
0
0
0
0
0
0
0
0
0
0
0
0
0
0
0
0
0
0
0
0
0
0
0
0
0
0
0
0
0
0
0
0
0
0
0
0
0
0
0
0
0
0
0
0
0
0
0
0
0
0
0
0
0
0
0
0
0
0
0
0
0
0
0
0
0
0
0
0
0
0
0
0
0
0
0
0
0
0
0
0
0
0
0
0
0
0
0
0
0
0
0
0
0
0
0
0
0
0
0
0
0
0
0
0
0
0
0
0
0
0
0
0
0
0
0
0
0
0
0
0
0
0
0
0
0
0
0
0
0
0
0
0
0
0
0
0
0
0
0
0
0
0
0
0
0
0
0
0
0
0
0
0
0
0
0
0
0
0
0
0
0
0
0
0
0
0
0
0
0
0
0
0
0
0
0
0
0
0
0
0
0
0
0
0
0
0
0
0
0
0
0
0
0
0
0
0
0
0
0
0
0
0
0
0
0
0
0
0
0
0
0
0
0
0
0
0
0
0
0
0
0
0
0
0
0
0
0
0
0
0
0
0
0
0
0
0
0
0
0
0
0
0
0
0
0
0
0
0
0
0
0
0
0
0
0
0
0
0
0
0
0
0
0
0
0
0
0
0
0
0
0
0
0
0
0
0
0
0
0
0
0
0
0
0
0
0
0
0
0
0
0
0
0
0
0
0
0
0
0
0
0
0
0
0
0
0
0
0
0
0
0
0
0
0
0
0
0
0
0
0
0
0
0
0
0
0
0
0
0
0
0
0
0
0
0
0
0
0
0
0
0
0
0
0
0
0
0
0
0
0
0
0
0
0
0
0
0
0
0
0
0
0
0
0
0
0
0
0
0
0
0
0
0
0
0
0
0
0
0
0
0
0
0
0
0
0
0
0
0
0
0
0
0
0
0
0
0
0
0
0
0
0
0
0
0
0
0
0
0
0
0
0
0
0
0
0
0
0
0
0
0
0
0
0
0
0
0
0
0
0
0
0
0
0
0
0
0
0
0
0
0
0
0
0
0
0
0
0
0
0
0
0
0
0
0
0
0
0
0
0
0
0
0
0
0
0
0
0
0
0
0
0
0
0
0
0
0
0
0
0
0
0
0
0
0
0
0
0
0
0
0
0
0
0
0
0
0
0
0
0
0
0
0
0
0
0
0
0
0
0
0
0
0
0
0
0
0
0
0
0
0
0
0
0
0
0
0
0
0
0
0
0
0
0
0
0
0
0
0
0
0
0
0
0
0
0
0
0
0
0
0
0
0
0
0
0
0
0
0
0
0
0
0
0
0
0
0
0
0
0
0
0
0
0
0
0
0
0
0
0
0
0
0
0
0
0
0
0
0
0
0
0
0
0
0
0
0
0
0
0
0
0
0
0
0
0
0
0
0
0
0
0
0
0
0
0
0
0
0
0
0
0
0
0
0
0
0
0
0
0
0
0
0
0
0
0
0
0
0
0
0
0
0
0
0
0
0
0
0
0
0
0
0
0
0
0
0
0
0
0
0
0
0
0
0
0
0
0
0
0
0
0
0
0
0
0
0
0
0
0
0
0
0
0
0
0
0
0
0
0
0
0
0
0
0
0
0
0
0
0
0
0
0
0
0
0
0
0
0
0
0
0
0
0
0
0
0
0
0
0
0
0
0
0
0
0
0
0
0
0
0
0
0
0
0
0
0
0
0
0
0
0
0
0
0
0
0
0
0
0
0
0
0
0
0
0
0
0
0
0
0
0
0
0
0
0
0
0
0
0
0
0
0
0
0
0
0
0
0
0
0
0
0
0
0
0
0
0
0
0
0
0
0
0
0
0
0
0
0
0
0
0
0
0
0
0
0
0
0
0
0
0
0
0
0
0
0
0
0
0
0
0
0
0
0
0
0
0
0
0
0
0
0
0
0
0
0
0
0
0
0
0
0
0
0
0
0
0
0
0
0
0
0
0
0
0
0
0
0
0
0
0
0
0
0
0
0
0
0
0
0
0
0
0
0
0
0
0
0
0
0
0
0
0
0
0
0
0
0
0
0
0
0
0
0
0
0
0
0
0
0
0
0
0
0
0
0
0
0
0
0
0
0
0
0
0
0
0
0
0
0
0
0
0
0
0
0
0
0
0
0
0
0
0
0
0
0
0
0
0
0
0
0
0
0
0
0
0
0
0
0
0
0
0
0
0
0
0
0
0
0
0
0
0
0
0
0
0
0
0
0
0
0
0
0
0
0
0
0
0
0
0
0
0
0
0
0
0
0
0
0
0
0
0
0
0
0
0
0
0
0
0
0
0
0
0
0
0
0
0
0
0
0
0
0
0
0
0
0
0
0
0
0
0
0
0
0
0
0
0
0
0
0
0
0
0
0
0
0
0
0
0
0
0
0
0
0
0
0
0
0
0
0
0
0
0
0
0
0
0
0
0
0
0
0
0
0
0
0
0
0
0
0
0
0
0
0
0
0
0
0
0
0
0
0
0
0
0
0
0
0
0
0
0
0
0
0
0
0
0
0
0
0
0
0
0
0
0
0
0
0
0
0
0
0
0
0
0
0
0
0
0
0
0
0
0
0
0
0
0
0
0
0
0
0
0
0
0
0
0
0
0
0
0
0
0
0
0
0
0
0
0
0
0
0
0
0
0
0
0
0
0
0
0
0
0
0
0
0
0
0
0
0
0
0
0
0
0
0
0
